<Hierarchy>:
	<Frame>: 0 1 StyleA-Building1
		<Transform>: 0 0 0 270 0 0 1 1 1 -0.7071068 0 0 0.7071068  
		<TransformMatrix>: 1 0 0 0 0 -1.192093E-07 -1 0 0 1 -1.192093E-07 0 0 0 0 1  
		<Mesh>: 3882 StyleA-Building1
			<Bounds>: 3.910065E-05 -1.430511E-06 7.65898 14.25 14.25 7.658979
			<Positions>: 0  
			<Colors>: 0  
			<TextureCoords0>: 0  
			<TextureCoords1>: 0  
			<Normals>: 0  
			<SubMeshes>: 1
				<SubMesh>: 0 0  
		</Mesh>
		<Materials>: 1
			<Material>: 0
				<AlbedoColor>: 1 1 1 1
				<EmissiveColor>: 0 0 0 1
				<Glossiness>: 0.5
				<Metallic>: 0
				<SpecularHighlight>: 1
				<GlossyReflection>: 1
				<AlbedoMap>: crate1D
				<MetallicMap>: null
				<NormalMap>: null
				<EmissionMap>: null
				<DetailAlbedoMap>: null
				<DetailNormalMap>: null
		</Materials>
		<Children>: 0
	</Frame>
</Hierarchy>
<Animation>:
	<AnimationSets>: 1
		<FrameNames>: 1 StyleA-Building1  
		<AnimationSet>: 0 Take_001 3.333333 30 101
			<Transforms>: 0 0 1 0 0 0 0 -1.192093E-07 -1 0 0 1 -1.192093E-07 0 0 0 0 1  
			<Transforms>: 1 0.03333334 1 0 0 0 0 -1.192093E-07 -1 0 0 1 -1.192093E-07 0 0 0 0 1  
			<Transforms>: 2 0.06666667 1 0 0 0 0 -1.192093E-07 -1 0 0 1 -1.192093E-07 0 0 0 0 1  
			<Transforms>: 3 0.1 1 0 0 0 0 -1.192093E-07 -1 0 0 1 -1.192093E-07 0 0 0 0 1  
			<Transforms>: 4 0.1333333 1 0 0 0 0 -1.192093E-07 -1 0 0 1 -1.192093E-07 0 0 0 0 1  
			<Transforms>: 5 0.1666667 1 0 0 0 0 -1.192093E-07 -1 0 0 1 -1.192093E-07 0 0 0 0 1  
			<Transforms>: 6 0.2 1 0 0 0 0 -1.192093E-07 -1 0 0 1 -1.192093E-07 0 0 0 0 1  
			<Transforms>: 7 0.2333333 1 0 0 0 0 -1.192093E-07 -1 0 0 1 -1.192093E-07 0 0 0 0 1  
			<Transforms>: 8 0.2666667 1 0 0 0 0 -1.192093E-07 -1 0 0 1 -1.192093E-07 0 0 0 0 1  
			<Transforms>: 9 0.3 1 0 0 0 0 -1.192093E-07 -1 0 0 1 -1.192093E-07 0 0 0 0 1  
			<Transforms>: 10 0.3333333 1 0 0 0 0 -1.192093E-07 -1 0 0 1 -1.192093E-07 0 0 0 0 1  
			<Transforms>: 11 0.3666667 1 0 0 0 0 -1.192093E-07 -1 0 0 1 -1.192093E-07 0 0 0 0 1  
			<Transforms>: 12 0.4 1 0 0 0 0 -1.192093E-07 -1 0 0 1 -1.192093E-07 0 0 0 0 1  
			<Transforms>: 13 0.4333333 1 0 0 0 0 -1.192093E-07 -1 0 0 1 -1.192093E-07 0 0 0 0 1  
			<Transforms>: 14 0.4666667 1 0 0 0 0 -1.192093E-07 -1 0 0 1 -1.192093E-07 0 0 0 0 1  
			<Transforms>: 15 0.5 1 0 0 0 0 -1.192093E-07 -1 0 0 1 -1.192093E-07 0 0 0 0 1  
			<Transforms>: 16 0.5333334 1 0 0 0 0 -1.192093E-07 -1 0 0 1 -1.192093E-07 0 0 0 0 1  
			<Transforms>: 17 0.5666667 1 0 0 0 0 -1.192093E-07 -1 0 0 1 -1.192093E-07 0 0 0 0 1  
			<Transforms>: 18 0.6000001 1 0 0 0 0 -1.192093E-07 -1 0 0 1 -1.192093E-07 0 0 0 0 1  
			<Transforms>: 19 0.6333334 1 0 0 0 0 -1.192093E-07 -1 0 0 1 -1.192093E-07 0 0 0 0 1  
			<Transforms>: 20 0.6666668 1 0 0 0 0 -1.192093E-07 -1 0 0 1 -1.192093E-07 0 0 0 0 1  
			<Transforms>: 21 0.7000002 1 0 0 0 0 -1.192093E-07 -1 0 0 1 -1.192093E-07 0 0 0 0 1  
			<Transforms>: 22 0.7333335 1 0 0 0 0 -1.192093E-07 -1 0 0 1 -1.192093E-07 0 0 0 0 1  
			<Transforms>: 23 0.7666669 1 0 0 0 0 -1.192093E-07 -1 0 0 1 -1.192093E-07 0 0 0 0 1  
			<Transforms>: 24 0.8000003 1 0 0 0 0 -1.192093E-07 -1 0 0 1 -1.192093E-07 0 0 0 0 1  
			<Transforms>: 25 0.8333336 1 0 0 0 0 -1.192093E-07 -1 0 0 1 -1.192093E-07 0 0 0 0 1  
			<Transforms>: 26 0.866667 1 0 0 0 0 -1.192093E-07 -1 0 0 1 -1.192093E-07 0 0 0 0 1  
			<Transforms>: 27 0.9000003 1 0 0 0 0 -1.192093E-07 -1 0 0 1 -1.192093E-07 0 0 0 0 1  
			<Transforms>: 28 0.9333337 1 0 0 0 0 -1.192093E-07 -1 0 0 1 -1.192093E-07 0 0 0 0 1  
			<Transforms>: 29 0.9666671 1 0 0 0 0 -1.192093E-07 -1 0 0 1 -1.192093E-07 0 0 0 0 1  
			<Transforms>: 30 1 1 0 0 0 0 -1.192093E-07 -1 0 0 1 -1.192093E-07 0 0 0 0 1  
			<Transforms>: 31 1.033334 1 0 0 0 0 -1.192093E-07 -1 0 0 1 -1.192093E-07 0 0 0 0 1  
			<Transforms>: 32 1.066667 1 0 0 0 0 -1.192093E-07 -1 0 0 1 -1.192093E-07 0 0 0 0 1  
			<Transforms>: 33 1.1 1 0 0 0 0 -1.192093E-07 -1 0 0 1 -1.192093E-07 0 0 0 0 1  
			<Transforms>: 34 1.133334 1 0 0 0 0 -1.192093E-07 -1 0 0 1 -1.192093E-07 0 0 0 0 1  
			<Transforms>: 35 1.166667 1 0 0 0 0 -1.192093E-07 -1 0 0 1 -1.192093E-07 0 0 0 0 1  
			<Transforms>: 36 1.2 1 0 0 0 0 -1.192093E-07 -1 0 0 1 -1.192093E-07 0 0 0 0 1  
			<Transforms>: 37 1.233333 1 0 0 0 0 -1.192093E-07 -1 0 0 1 -1.192093E-07 0 0 0 0 1  
			<Transforms>: 38 1.266667 1 0 0 0 0 -1.192093E-07 -1 0 0 1 -1.192093E-07 0 0 0 0 1  
			<Transforms>: 39 1.3 1 0 0 0 0 -1.192093E-07 -1 0 0 1 -1.192093E-07 0 0 0 0 1  
			<Transforms>: 40 1.333333 1 0 0 0 0 -1.192093E-07 -1 0 0 1 -1.192093E-07 0 0 0 0 1  
			<Transforms>: 41 1.366667 1 0 0 0 0 -1.192093E-07 -1 0 0 1 -1.192093E-07 0 0 0 0 1  
			<Transforms>: 42 1.4 1 0 0 0 0 -1.192093E-07 -1 0 0 1 -1.192093E-07 0 0 0 0 1  
			<Transforms>: 43 1.433333 1 0 0 0 0 -1.192093E-07 -1 0 0 1 -1.192093E-07 0 0 0 0 1  
			<Transforms>: 44 1.466667 1 0 0 0 0 -1.192093E-07 -1 0 0 1 -1.192093E-07 0 0 0 0 1  
			<Transforms>: 45 1.5 1 0 0 0 0 -1.192093E-07 -1 0 0 1 -1.192093E-07 0 0 0 0 1  
			<Transforms>: 46 1.533333 1 0 0 0 0 -1.192093E-07 -1 0 0 1 -1.192093E-07 0 0 0 0 1  
			<Transforms>: 47 1.566666 1 0 0 0 0 -1.192093E-07 -1 0 0 1 -1.192093E-07 0 0 0 0 1  
			<Transforms>: 48 1.6 1 0 0 0 0 -1.192093E-07 -1 0 0 1 -1.192093E-07 0 0 0 0 1  
			<Transforms>: 49 1.633333 1 0 0 0 0 -1.192093E-07 -1 0 0 1 -1.192093E-07 0 0 0 0 1  
			<Transforms>: 50 1.666666 1 0 0 0 0 -1.192093E-07 -1 0 0 1 -1.192093E-07 0 0 0 0 1  
			<Transforms>: 51 1.7 1 0 0 0 0 -1.192093E-07 -1 0 0 1 -1.192093E-07 0 0 0 0 1  
			<Transforms>: 52 1.733333 1 0 0 0 0 -1.192093E-07 -1 0 0 1 -1.192093E-07 0 0 0 0 1  
			<Transforms>: 53 1.766666 1 0 0 0 0 -1.192093E-07 -1 0 0 1 -1.192093E-07 0 0 0 0 1  
			<Transforms>: 54 1.8 1 0 0 0 0 -1.192093E-07 -1 0 0 1 -1.192093E-07 0 0 0 0 1  
			<Transforms>: 55 1.833333 1 0 0 0 0 -1.192093E-07 -1 0 0 1 -1.192093E-07 0 0 0 0 1  
			<Transforms>: 56 1.866666 1 0 0 0 0 -1.192093E-07 -1 0 0 1 -1.192093E-07 0 0 0 0 1  
			<Transforms>: 57 1.899999 1 0 0 0 0 -1.192093E-07 -1 0 0 1 -1.192093E-07 0 0 0 0 1  
			<Transforms>: 58 1.933333 1 0 0 0 0 -1.192093E-07 -1 0 0 1 -1.192093E-07 0 0 0 0 1  
			<Transforms>: 59 1.966666 1 0 0 0 0 -1.192093E-07 -1 0 0 1 -1.192093E-07 0 0 0 0 1  
			<Transforms>: 60 1.999999 1 0 0 0 0 -1.192093E-07 -1 0 0 1 -1.192093E-07 0 0 0 0 1  
			<Transforms>: 61 2.033333 1 0 0 0 0 -1.192093E-07 -1 0 0 1 -1.192093E-07 0 0 0 0 1  
			<Transforms>: 62 2.066666 1 0 0 0 0 -1.192093E-07 -1 0 0 1 -1.192093E-07 0 0 0 0 1  
			<Transforms>: 63 2.099999 1 0 0 0 0 -1.192093E-07 -1 0 0 1 -1.192093E-07 0 0 0 0 1  
			<Transforms>: 64 2.133333 1 0 0 0 0 -1.192093E-07 -1 0 0 1 -1.192093E-07 0 0 0 0 1  
			<Transforms>: 65 2.166666 1 0 0 0 0 -1.192093E-07 -1 0 0 1 -1.192093E-07 0 0 0 0 1  
			<Transforms>: 66 2.199999 1 0 0 0 0 -1.192093E-07 -1 0 0 1 -1.192093E-07 0 0 0 0 1  
			<Transforms>: 67 2.233333 1 0 0 0 0 -1.192093E-07 -1 0 0 1 -1.192093E-07 0 0 0 0 1  
			<Transforms>: 68 2.266666 1 0 0 0 0 -1.192093E-07 -1 0 0 1 -1.192093E-07 0 0 0 0 1  
			<Transforms>: 69 2.299999 1 0 0 0 0 -1.192093E-07 -1 0 0 1 -1.192093E-07 0 0 0 0 1  
			<Transforms>: 70 2.333333 1 0 0 0 0 -1.192093E-07 -1 0 0 1 -1.192093E-07 0 0 0 0 1  
			<Transforms>: 71 2.366666 1 0 0 0 0 -1.192093E-07 -1 0 0 1 -1.192093E-07 0 0 0 0 1  
			<Transforms>: 72 2.399999 1 0 0 0 0 -1.192093E-07 -1 0 0 1 -1.192093E-07 0 0 0 0 1  
			<Transforms>: 73 2.433332 1 0 0 0 0 -1.192093E-07 -1 0 0 1 -1.192093E-07 0 0 0 0 1  
			<Transforms>: 74 2.466666 1 0 0 0 0 -1.192093E-07 -1 0 0 1 -1.192093E-07 0 0 0 0 1  
			<Transforms>: 75 2.499999 1 0 0 0 0 -1.192093E-07 -1 0 0 1 -1.192093E-07 0 0 0 0 1  
			<Transforms>: 76 2.533332 1 0 0 0 0 -1.192093E-07 -1 0 0 1 -1.192093E-07 0 0 0 0 1  
			<Transforms>: 77 2.566666 1 0 0 0 0 -1.192093E-07 -1 0 0 1 -1.192093E-07 0 0 0 0 1  
			<Transforms>: 78 2.599999 1 0 0 0 0 -1.192093E-07 -1 0 0 1 -1.192093E-07 0 0 0 0 1  
			<Transforms>: 79 2.633332 1 0 0 0 0 -1.192093E-07 -1 0 0 1 -1.192093E-07 0 0 0 0 1  
			<Transforms>: 80 2.666666 1 0 0 0 0 -1.192093E-07 -1 0 0 1 -1.192093E-07 0 0 0 0 1  
			<Transforms>: 81 2.699999 1 0 0 0 0 -1.192093E-07 -1 0 0 1 -1.192093E-07 0 0 0 0 1  
			<Transforms>: 82 2.733332 1 0 0 0 0 -1.192093E-07 -1 0 0 1 -1.192093E-07 0 0 0 0 1  
			<Transforms>: 83 2.766665 1 0 0 0 0 -1.192093E-07 -1 0 0 1 -1.192093E-07 0 0 0 0 1  
			<Transforms>: 84 2.799999 1 0 0 0 0 -1.192093E-07 -1 0 0 1 -1.192093E-07 0 0 0 0 1  
			<Transforms>: 85 2.833332 1 0 0 0 0 -1.192093E-07 -1 0 0 1 -1.192093E-07 0 0 0 0 1  
			<Transforms>: 86 2.866665 1 0 0 0 0 -1.192093E-07 -1 0 0 1 -1.192093E-07 0 0 0 0 1  
			<Transforms>: 87 2.899999 1 0 0 0 0 -1.192093E-07 -1 0 0 1 -1.192093E-07 0 0 0 0 1  
			<Transforms>: 88 2.933332 1 0 0 0 0 -1.192093E-07 -1 0 0 1 -1.192093E-07 0 0 0 0 1  
			<Transforms>: 89 2.966665 1 0 0 0 0 -1.192093E-07 -1 0 0 1 -1.192093E-07 0 0 0 0 1  
			<Transforms>: 90 2.999999 1 0 0 0 0 -1.192093E-07 -1 0 0 1 -1.192093E-07 0 0 0 0 1  
			<Transforms>: 91 3.033332 1 0 0 0 0 -1.192093E-07 -1 0 0 1 -1.192093E-07 0 0 0 0 1  
			<Transforms>: 92 3.066665 1 0 0 0 0 -1.192093E-07 -1 0 0 1 -1.192093E-07 0 0 0 0 1  
			<Transforms>: 93 3.099998 1 0 0 0 0 -1.192093E-07 -1 0 0 1 -1.192093E-07 0 0 0 0 1  
			<Transforms>: 94 3.133332 1 0 0 0 0 -1.192093E-07 -1 0 0 1 -1.192093E-07 0 0 0 0 1  
			<Transforms>: 95 3.166665 1 0 0 0 0 -1.192093E-07 -1 0 0 1 -1.192093E-07 0 0 0 0 1  
			<Transforms>: 96 3.199998 1 0 0 0 0 -1.192093E-07 -1 0 0 1 -1.192093E-07 0 0 0 0 1  
			<Transforms>: 97 3.233332 1 0 0 0 0 -1.192093E-07 -1 0 0 1 -1.192093E-07 0 0 0 0 1  
			<Transforms>: 98 3.266665 1 0 0 0 0 -1.192093E-07 -1 0 0 1 -1.192093E-07 0 0 0 0 1  
			<Transforms>: 99 3.299998 1 0 0 0 0 -1.192093E-07 -1 0 0 1 -1.192093E-07 0 0 0 0 1  
			<Transforms>: 100 3.333332 1 0 0 0 0 -1.192093E-07 -1 0 0 1 -1.192093E-07 0 0 0 0 1  
	</AnimationSets>
</Animation>
