<Hierarchy>:
	<Frame>: 0 0 Bullet1(1)
		<Transform>: 0 0 0 0 0 0 1 1 1 0 0 0 1  
		<TransformMatrix>: 1 0 0 0 0 1 0 0 0 0 1 0 0 0 0 1  
		<Children>: 2
			<Frame>: 1 0 Bullet1
				<Transform>: 0 0 0 270 0 0 0.8853325 0.8853325 0.8853325 -0.7071068 0 0 0.7071068  
				<TransformMatrix>: 0.8853325 0 0 0 0 -1.055399E-07 -0.8853326 0 0 0.8853326 -1.055399E-07 0 0 0 0 1  
				<SkinningInfo>: Bullet1
					<BonesPerVertex>: 4
					<Bounds>: -0.391441 7.450581E-09 -1.117587E-08 0.391441 0.07166327 0.06206222
					<BoneNames>: 1 Bullet1_Bone  
					<BoneOffsets>: 1 1.407663E-08 1.180443 8.912102E-08 0 -7.228367E-17 8.912101E-08 -1.180443 0 -1.180443 1.407664E-08 1.13504E-15 0 0 0 0 1  
					<BoneIndices>: 156 0 0 0 0 0 0 0 0 0 0 0 0 0 0 0 0 0 0 0 0 0 0 0 0 0 0 0 0 0 0 0 0 0 0 0 0 0 0 0 0 0 0 0 0 0 0 0 0 0 0 0 0 0 0 0 0 0 0 0 0 0 0 0 0 0 0 0 0 0 0 0 0 0 0 0 0 0 0 0 0 0 0 0 0 0 0 0 0 0 0 0 0 0 0 0 0 0 0 0 0 0 0 0 0 0 0 0 0 0 0 0 0 0 0 0 0 0 0 0 0 0 0 0 0 0 0 0 0 0 0 0 0 0 0 0 0 0 0 0 0 0 0 0 0 0 0 0 0 0 0 0 0 0 0 0 0 0 0 0 0 0 0 0 0 0 0 0 0 0 0 0 0 0 0 0 0 0 0 0 0 0 0 0 0 0 0 0 0 0 0 0 0 0 0 0 0 0 0 0 0 0 0 0 0 0 0 0 0 0 0 0 0 0 0 0 0 0 0 0 0 0 0 0 0 0 0 0 0 0 0 0 0 0 0 0 0 0 0 0 0 0 0 0 0 0 0 0 0 0 0 0 0 0 0 0 0 0 0 0 0 0 0 0 0 0 0 0 0 0 0 0 0 0 0 0 0 0 0 0 0 0 0 0 0 0 0 0 0 0 0 0 0 0 0 0 0 0 0 0 0 0 0 0 0 0 0 0 0 0 0 0 0 0 0 0 0 0 0 0 0 0 0 0 0 0 0 0 0 0 0 0 0 0 0 0 0 0 0 0 0 0 0 0 0 0 0 0 0 0 0 0 0 0 0 0 0 0 0 0 0 0 0 0 0 0 0 0 0 0 0 0 0 0 0 0 0 0 0 0 0 0 0 0 0 0 0 0 0 0 0 0 0 0 0 0 0 0 0 0 0 0 0 0 0 0 0 0 0 0 0 0 0 0 0 0 0 0 0 0 0 0 0 0 0 0 0 0 0 0 0 0 0 0 0 0 0 0 0 0 0 0 0 0 0 0 0 0 0 0 0 0 0 0 0 0 0 0 0 0 0 0 0 0 0 0 0 0 0 0 0 0 0 0 0 0 0 0 0 0 0 0 0 0 0 0 0 0 0 0 0 0 0 0 0 0 0 0 0 0 0 0 0 0 0 0 0 0 0 0 0 0 0 0 0 0 0 0 0 0 0 0 0 0 0 0 0 0 0 0 0 0 0 0 0 0 0 0 0 0 0 0 0 0 0 0 0 0 0 0 0 0 0 0 0 0 0 0 0 0 0 0 0 0 0 0 0 0 0 0 0 0 0 0 0 0 0 0 0 0 0 0 0 0 0 0 0 0 0 0 0 0 0 0 0 0 0 0 0 0 0 0 0 0 0 0 0 0 0 0 0 0 0 0 0 0 0 0 0 0 0 0 0 0 0  
					<BoneWeights>: 156 1 0 0 0 1 0 0 0 1 0 0 0 1 0 0 0 1 0 0 0 1 0 0 0 1 0 0 0 1 0 0 0 1 0 0 0 1 0 0 0 1 0 0 0 1 0 0 0 1 0 0 0 1 0 0 0 1 0 0 0 1 0 0 0 1 0 0 0 1 0 0 0 1 0 0 0 1 0 0 0 1 0 0 0 1 0 0 0 1 0 0 0 1 0 0 0 1 0 0 0 1 0 0 0 1 0 0 0 1 0 0 0 1 0 0 0 1 0 0 0 1 0 0 0 1 0 0 0 1 0 0 0 1 0 0 0 1 0 0 0 1 0 0 0 1 0 0 0 1 0 0 0 1 0 0 0 1 0 0 0 1 0 0 0 1 0 0 0 1 0 0 0 1 0 0 0 1 0 0 0 1 0 0 0 1 0 0 0 1 0 0 0 1 0 0 0 1 0 0 0 1 0 0 0 1 0 0 0 1 0 0 0 1 0 0 0 1 0 0 0 1 0 0 0 1 0 0 0 1 0 0 0 1 0 0 0 1 0 0 0 1 0 0 0 1 0 0 0 1 0 0 0 1 0 0 0 1 0 0 0 1 0 0 0 1 0 0 0 1 0 0 0 1 0 0 0 1 0 0 0 1 0 0 0 1 0 0 0 1 0 0 0 1 0 0 0 1 0 0 0 1 0 0 0 1 0 0 0 1 0 0 0 1 0 0 0 1 0 0 0 1 0 0 0 1 0 0 0 1 0 0 0 1 0 0 0 1 0 0 0 1 0 0 0 1 0 0 0 1 0 0 0 1 0 0 0 1 0 0 0 1 0 0 0 1 0 0 0 1 0 0 0 1 0 0 0 1 0 0 0 1 0 0 0 1 0 0 0 1 0 0 0 1 0 0 0 1 0 0 0 1 0 0 0 1 0 0 0 1 0 0 0 1 0 0 0 1 0 0 0 1 0 0 0 1 0 0 0 1 0 0 0 1 0 0 0 1 0 0 0 1 0 0 0 1 0 0 0 1 0 0 0 1 0 0 0 1 0 0 0 1 0 0 0 1 0 0 0 1 0 0 0 1 0 0 0 1 0 0 0 1 0 0 0 1 0 0 0 1 0 0 0 1 0 0 0 1 0 0 0 1 0 0 0 1 0 0 0 1 0 0 0 1 0 0 0 1 0 0 0 1 0 0 0 1 0 0 0 1 0 0 0 1 0 0 0 1 0 0 0 1 0 0 0 1 0 0 0 1 0 0 0 1 0 0 0 1 0 0 0 1 0 0 0 1 0 0 0 1 0 0 0 1 0 0 0 1 0 0 0 1 0 0 0 1 0 0 0 1 0 0 0 1 0 0 0 1 0 0 0 1 0 0 0 1 0 0 0 1 0 0 0 1 0 0 0 1 0 0 0 1 0 0 0  
				</SkinningInfo>
				<Mesh>: 156 Bullet1
					<Bounds>: 0 1.117587E-08 0.3316051 0.06070877 0.05257534 0.3316051
					<Positions>: 156 -0.02732539 0.04732897 0 -0.05465078 -3.177517E-10 0 -0.05503904 3.24795E-10 0.005673428 -0.02751952 0.04766521 0.005673428 0.02732539 0.04732896 0 0.02751952 0.0476652 0.005673428 0.05465078 -5.095474E-09 0 0.05503904 -4.48687E-09 0.005673428 0.02732539 -0.04732897 0 0.02751951 -0.0476652 0.005673428 -0.02732539 -0.04732897 0 -0.02751951 -0.0476652 0.005673428 -0.05465078 -3.177517E-10 0 -0.05503904 3.24795E-10 0.005673428 -0.06070877 6.099081E-09 0.376118 -0.04677557 5.280577E-09 0.3958071 -0.02338779 0.04050885 0.3958071 -0.03035438 0.05257535 0.376118 0.02338779 0.04050884 0.3958071 0.03035439 0.05257535 0.376118 0.04677557 1.191322E-09 0.3958071 0.06070877 7.917502E-10 0.376118 0.02338778 -0.04050884 0.3958071 0.03035438 -0.05257533 0.376118 -0.02338778 -0.04050884 0.3958071 -0.03035438 -0.05257533 0.376118 -0.04677557 5.280577E-09 0.3958071 -0.06070877 6.099081E-09 0.376118 -0.04677557 5.280577E-09 0.3958071 -0.04677557 4.582747E-09 0.4621504 -0.02338779 0.04050885 0.4621504 -0.02338779 0.04050885 0.3958071 0.02338779 0.04050884 0.4621504 0.02338779 0.04050884 0.3958071 0.04677557 4.934919E-10 0.4621504 0.04677557 1.191322E-09 0.3958071 0.02338778 -0.04050884 0.4621504 0.02338778 -0.04050884 0.3958071 -0.02338778 -0.04050884 0.4621504 -0.02338778 -0.04050884 0.3958071 -0.04677557 4.582747E-09 0.4621504 -0.04677557 5.280577E-09 0.3958071 -0.01991907 -0.03450085 0.4660105 -0.03983816 4.368464E-09 0.5468439 -0.03983816 4.592893E-09 0.4660105 -0.01991907 -0.03450085 0.5468439 0.01991908 -0.03450085 0.4660105 -0.0314563 3.729856E-09 0.5938392 0.01991908 -0.03450085 0.5468439 0.03983816 1.110126E-09 0.4660105 -0.01572815 -0.02724195 0.5938392 -0.0182828 2.976418E-09 0.6327868 0.03983816 8.85697E-10 0.5468439 0.01991908 0.03450086 0.4660105 0.01572815 -0.02724195 0.5938392 -0.0091414 -0.01583338 0.6327868 -0.003533103 1.238657E-09 0.6632102 -0.00176655 -0.003059757 0.6632102 0.0091414 -0.01583338 0.6327868 0.001766553 -0.003059757 0.6632102 0.01991908 0.03450086 0.5468439 -0.01991908 0.03450086 0.4660105 0.0314563 9.798576E-10 0.5938392 0.01828281 1.378083E-09 0.6327868 0.003533105 9.297834E-10 0.6632102 -0.01991908 0.03450086 0.5468439 -0.03983816 4.592893E-09 0.4660105 -0.03983816 4.368464E-09 0.5468439 0.01572815 0.02724196 0.5938392 0.009141404 0.01583337 0.6327868 0.001766553 0.003059758 0.6632102 -0.01572815 0.02724196 0.5938392 -0.0314563 3.729856E-09 0.5938392 -0.0091414 0.01583337 0.6327868 -0.001766551 0.003059759 0.6632102 -0.0182828 2.976418E-09 0.6327868 -0.003533103 1.238657E-09 0.6632102 -0.001766551 0.003059759 0.6632102 -0.003533103 1.238657E-09 0.6632102 -0.00176655 -0.003059757 0.6632102 0.001766553 0.003059758 0.6632102 0.001766553 -0.003059757 0.6632102 0.003533105 9.297834E-10 0.6632102 -0.03035438 0.05257535 0.376118 -0.05465078 1.865754E-09 0.01722738 -0.06070877 6.099081E-09 0.376118 -0.02732539 0.04732898 0.01722738 0.03035439 0.05257535 0.376118 0.02732539 0.04732897 0.01722738 0.06070877 7.917502E-10 0.376118 0.05465078 -2.91197E-09 0.01722738 0.03035438 -0.05257533 0.376118 0.02732539 -0.04732896 0.01722738 -0.03035438 -0.05257533 0.376118 -0.02732539 -0.04732896 0.01722738 -0.06070877 6.099081E-09 0.376118 -0.05465078 1.865754E-09 0.01722738 -0.02732539 0.04732898 0.01722738 -0.04847743 9.085899E-10 0.0125153 -0.05465078 1.865754E-09 0.01722738 -0.02423871 0.04198268 0.0125153 0.02732539 0.04732897 0.01722738 0.02423872 0.04198268 0.0125153 0.05465078 -2.91197E-09 0.01722738 0.04847743 -3.329442E-09 0.0125153 0.02732539 -0.04732896 0.01722738 0.02423871 -0.04198268 0.0125153 -0.02732539 -0.04732896 0.01722738 -0.02423871 -0.04198268 0.0125153 -0.05465078 1.865754E-09 0.01722738 -0.04847743 9.085899E-10 0.0125153 -0.02423871 0.04198268 0.0125153 -0.04821208 6.85803E-10 0.007591419 -0.04847743 9.085899E-10 0.0125153 -0.02410604 0.04175289 0.007591419 0.02423872 0.04198268 0.0125153 0.02410604 0.04175288 0.007591419 0.04847743 -3.329442E-09 0.0125153 0.04821208 -3.529031E-09 0.007591419 0.02423871 -0.04198268 0.0125153 0.02410604 -0.04175289 0.007591419 -0.02423871 -0.04198268 0.0125153 -0.02410604 -0.04175289 0.007591419 -0.04847743 9.085899E-10 0.0125153 -0.04821208 6.85803E-10 0.007591419 -0.02732539 -0.04732897 0 -5.467513E-11 -3.177517E-10 0 0.02732539 -0.04732897 0 -0.05465078 -3.177517E-10 0 0.05465078 -5.095474E-09 0 -0.02732539 0.04732897 0 0.02732539 0.04732896 0 -0.02410604 -0.04175289 0.007591419 -0.02751951 -0.0476652 0.005673428 0.02751951 -0.0476652 0.005673428 0.02410604 -0.04175289 0.007591419 -0.04821208 6.85803E-10 0.007591419 0.05503904 -4.48687E-09 0.005673428 -0.05503904 3.24795E-10 0.005673428 0.04821208 -3.529031E-09 0.007591419 -0.02410604 0.04175289 0.007591419 0.02751952 0.0476652 0.005673428 -0.02751952 0.04766521 0.005673428 0.02410604 0.04175288 0.007591419 0.02338778 -0.04050884 0.4621504 -0.01991907 -0.03450085 0.4660105 -0.02338778 -0.04050884 0.4621504 0.01991908 -0.03450085 0.4660105 -0.03983816 4.592893E-09 0.4660105 0.04677557 4.934919E-10 0.4621504 -0.04677557 4.582747E-09 0.4621504 0.03983816 1.110126E-09 0.4660105 -0.01991908 0.03450086 0.4660105 0.02338779 0.04050884 0.4621504 -0.02338779 0.04050885 0.4621504 0.01991908 0.03450086 0.4660105  
					<Colors>: 0  
					<TextureCoords0>: 156 0.5302953 0.9824257 0.6327739 0.9834973 0.6330262 0.9941388 0.5301819 0.9930637 0.4276351 0.9813088 0.4275215 0.9919468 0.3249726 0.9802353 0.3248615 0.9908733 0.2223122 0.9791614 0.2221988 0.9897995 0.119651 0.9780461 0.1195377 0.9886841 0.01717002 0.9769744 0.01669532 0.9876087 0.6269063 0.6988543 0.6022103 0.7441957 0.5111097 0.7315277 0.5190917 0.6885453 0.4141577 0.7252867 0.4172819 0.6831866 0.3163887 0.7221917 0.3171758 0.6801475 0.2185735 0.7216249 0.2170272 0.6794373 0.1214568 0.7242328 0.1150889 0.6809821 0.02994617 0.7334831 0.006964232 0.687249 0.6022103 0.7441957 0.5821796 0.8672778 0.4950701 0.8554116 0.5111097 0.7315277 0.4056387 0.8487657 0.4141577 0.7252867 0.3140752 0.8457831 0.3163887 0.7221917 0.222465 0.8453358 0.2185735 0.7216249 0.1328489 0.8486302 0.1214568 0.7242328 0.04535706 0.8572284 0.02994617 0.7334831 0.5902362 0.8856091 0.7302719 0.9942676 0.5767499 0.9617331 0.7366908 0.9220318 0.6080493 0.8053209 0.8306773 0.9878249 0.7495357 0.8532968 0.6379024 0.7255297 0.8252988 0.9309636 0.9114657 0.9572517 0.7728968 0.7888523 0.6801733 0.6515638 0.8324825 0.8762167 0.9025998 0.9245911 0.965733 0.9180827 0.9646797 0.9098836 0.9059085 0.8899723 0.9680284 0.8974618 0.8075175 0.7296891 0.7305233 0.5865379 0.8503588 0.8251875 0.9175129 0.8566879 0.9739061 0.8831406 0.8521598 0.675869 0.7804369 0.5275012 0.9036023 0.6247522 0.87817 0.7788182 0.9356889 0.8264854 0.981161 0.869465 0.9156756 0.7382943 0.9628379 0.7060784 0.9601943 0.8018093 0.9885725 0.8589488 0.9909772 0.7877467 0.9955508 0.8545167 0.7473477 0.410066 0.7486935 0.4165407 0.7437592 0.4209442 0.7410681 0.4079946 0.7374798 0.418873 0.7361336 0.4123982 0.5190917 0.6885453 0.641414 0.02245897 0.6269063 0.6988543 0.5384557 0.0179466 0.4172819 0.6831866 0.4343878 0.01239103 0.3171758 0.6801475 0.3297357 0.009200513 0.2170272 0.6794373 0.225038 0.008471191 0.1150889 0.6809821 0.1208356 0.01012808 0.006964232 0.687249 0.01778115 0.01078451 0.7358944 0.2558236 0.8272254 0.2893773 0.8260437 0.3038673 0.7470688 0.2465293 0.705097 0.1588391 0.7195963 0.1594418 0.7436179 0.06505585 0.7545114 0.07461596 0.8316039 0.01468885 0.8340932 0.02898461 0.9317808 0.03248715 0.9240443 0.04479134 0.9913683 0.1154535 0.9771634 0.1185493 0.1119305 0.8982559 0.02173368 0.9100021 0.02122827 0.9007853 0.1119597 0.9074868 0.2025304 0.9002092 0.2023164 0.9094346 0.2930072 0.902457 0.2927826 0.9116818 0.3834732 0.9046168 0.3832638 0.9138417 0.4740631 0.9065676 0.4736306 0.9157882 0.564567 0.9131137 0.5636538 0.9222994 0.9397945 0.09416908 0.8634623 0.1622821 0.8426403 0.06211996 0.9606168 0.1943312 0.7663083 0.1302332 0.8842844 0.2624446 0.78713 0.2303956 0.7615234 0.5024433 0.7643623 0.5154037 0.6661685 0.483012 0.676162 0.4742848 0.8273546 0.4409736 0.6472206 0.3815516 0.8399607 0.4451322 0.6598268 0.3857101 0.8110193 0.3523986 0.722819 0.3112798 0.8210129 0.3436714 0.7256581 0.32424 0.7630619 0.4993693 0.8150158 0.4358256 0.8290921 0.4404731 0.7600485 0.4848552 0.8000467 0.3637062 0.6790442 0.4716269 0.8111104 0.35384 0.6901079 0.4617608 0.730106 0.3406119 0.6610625 0.3849937 0.7270925 0.3260978 0.6751387 0.389641  
					<TextureCoords1>: 0  
					<Normals>: 156 -0.4988334 0.8640046 -0.06827468 -0.9976666 0 -0.06827434 -0.9976666 0 -0.06827433 -0.4988332 0.8640046 -0.06827468 0.4988335 0.8640044 -0.06827454 0.4988331 0.8640046 -0.06827455 0.9976666 -1.285757E-07 -0.06827421 0.9976666 0 -0.06827421 0.4988332 -0.8640047 -0.06827405 0.4988332 -0.8640046 -0.06827403 -0.4988332 -0.8640047 -0.06827404 -0.4988333 -0.8640046 -0.06827404 -0.9976666 0 -0.06827434 -0.9976666 0 -0.06827433 -0.8162835 0 0.5776514 -0.8162835 0 0.5776514 -0.4081417 0.7069222 0.5776515 -0.4081417 0.7069222 0.5776516 0.4081419 0.7069221 0.5776516 0.4081417 0.7069222 0.5776516 0.8162835 -1.590921E-07 0.5776514 0.8162835 0 0.5776514 0.4081418 -0.7069224 0.5776513 0.4081418 -0.7069224 0.5776513 -0.4081419 -0.7069224 0.5776513 -0.4081419 -0.7069224 0.5776513 -0.8162835 0 0.5776514 -0.8162835 0 0.5776514 -1 0 0 -1 0 0 -0.5 0.8660254 0 -0.5 0.8660254 0 0.5000001 0.8660253 0 0.5000001 0.8660253 0 1 0 0 1 0 0 0.5 -0.8660254 0 0.5 -0.8660254 0 -0.5000001 -0.8660254 0 -0.5000001 -0.8660254 0 -1 0 0 -1 0 0 -0.4999999 -0.8660254 0 -0.9963151 0 0.08576826 -1 0 0 -0.4981575 -0.8628342 0.08576824 0.5 -0.8660254 0 -0.969994 0 0.2431288 0.4981575 -0.8628342 0.08576824 1 -1.314471E-07 0 -0.4849969 -0.8400394 0.2431287 -0.9281459 0 0.3722164 0.9963151 -1.355038E-07 0.08576826 0.5000001 0.8660253 0 0.4849969 -0.8400394 0.2431287 -0.4640731 -0.8037979 0.3722164 -0.8998259 0 0.4362491 -0.4499131 -0.779272 0.4362492 0.4640729 -0.803798 0.3722164 0.4499129 -0.7792721 0.4362492 0.4981576 0.8628342 0.08576827 -0.5 0.8660254 0 0.969994 -1.003979E-07 0.2431287 0.9281459 0 0.3722164 0.8998259 0 0.4362492 -0.4981576 0.8628342 0.08576827 -1 0 0 -0.9963151 0 0.08576826 0.4849971 0.8400394 0.2431288 0.464073 0.8037979 0.3722164 0.449913 0.7792721 0.4362491 -0.4849969 0.8400394 0.2431288 -0.969994 0 0.2431288 -0.4640729 0.803798 0.3722165 -0.4499129 0.7792722 0.4362491 -0.9281459 0 0.3722164 -0.8998259 0 0.4362491 0 0 1 0 0 1 0 0 1 0 0 1 0 0 1 0 0 1 -0.4999287 0.8659021 -0.01687737 -0.9998575 0 -0.01687736 -0.9998575 0 -0.01687736 -0.4999287 0.8659021 -0.01687737 0.4999289 0.8659019 -0.01687738 0.4999289 0.8659019 -0.01687738 0.9998575 -1.321523E-07 -0.01687736 0.9998575 -1.3074E-07 -0.01687736 0.4999287 -0.8659021 -0.01687734 0.4999287 -0.8659021 -0.01687735 -0.4999287 -0.8659021 -0.01687734 -0.4999287 -0.8659021 -0.01687735 -0.9998575 0 -0.01687736 -0.9998575 0 -0.01687736 -0.3033706 0.5254536 -0.7948993 -0.6067417 -1.27618E-07 -0.794899 -0.6067418 0 -0.794899 -0.3033708 0.5254534 -0.7948993 0.3033709 0.5254537 -0.7948992 0.3033711 0.5254535 -0.7948992 0.606742 0 -0.7948989 0.606742 0 -0.7948989 0.3033711 -0.525454 -0.7948989 0.3033709 -0.525454 -0.7948989 -0.3033711 -0.5254539 -0.7948989 -0.3033709 -0.525454 -0.7948989 -0.6067418 0 -0.794899 -0.6067417 -1.27618E-07 -0.794899 -0.4992753 0.8647707 -0.05381212 -0.9985511 0 -0.05381186 -0.9985511 0 -0.05381186 -0.4992755 0.8647705 -0.05381212 0.4992755 0.8647705 -0.05381246 0.4992756 0.8647705 -0.05381246 0.9985511 0 -0.05381221 0.9985511 0 -0.05381221 0.4992753 -0.8647707 -0.05381181 0.4992756 -0.8647705 -0.05381181 -0.4992753 -0.8647707 -0.05381181 -0.4992756 -0.8647705 -0.05381181 -0.9985511 0 -0.05381186 -0.9985511 0 -0.05381186 0 0 -1 0 0 -1 0 0 -1 0 0 -1 0 0 -1 0 0 -1 0 0 -1 -0.1352363 -0.234236 0.9627278 -0.1352362 -0.2342361 0.9627278 0.1352362 -0.2342361 0.9627278 0.1352362 -0.234236 0.9627278 -0.2704725 0 0.9627278 0.2704725 0 0.9627277 -0.2704725 0 0.9627278 0.2704725 0 0.9627277 -0.1352362 0.2342359 0.9627278 0.1352362 0.234236 0.9627278 -0.1352361 0.234236 0.9627278 0.1352363 0.2342359 0.9627278 0.2431124 -0.4210831 0.8738337 -0.2431124 -0.4210829 0.8738338 -0.2431125 -0.421083 0.8738338 0.2431125 -0.421083 0.8738337 -0.4862249 0 0.8738337 0.4862249 0 0.8738337 -0.4862249 0 0.8738337 0.486225 0 0.8738337 -0.2431124 0.421083 0.8738338 0.2431125 0.421083 0.8738337 -0.2431124 0.421083 0.8738338 0.2431125 0.4210831 0.8738337  
					<Tangents>: 156 -0.8655401 -0.5006894 -0.01226932 -0.00186731 -0.9996259 0.02728773 -0.00186759 -0.9996258 0.02729081 -0.8655403 -0.500689 -0.01226478 -0.8663808 0.4992318 -0.01232069 -0.8663809 0.499232 -0.01231397 0 0.9999275 -0.01204013 0 0.9999276 -0.01203297 0.8655418 0.5006873 -0.01223396 0.865542 0.500687 -0.01222755 0.8663805 -0.4992328 -0.01230114 0.8663804 -0.4992332 -0.01229628 0.003510643 -0.9986772 -0.05129836 0.003510338 -0.9986773 -0.05129488 -0.2316739 -0.9160509 -0.3273803 -0.2405594 -0.9091613 -0.3399364 -0.892769 -0.4412782 -0.09075876 -0.8896013 -0.4500695 -0.07776177 -0.8482769 0.527531 -0.04623191 -0.8504242 0.5244973 -0.04100266 0.01361884 0.9997221 -0.01924455 0.01257446 0.9997631 -0.01776893 0.862129 0.5065737 0.010798 0.8630775 0.5050047 0.008207554 0.88384 -0.4644078 0.05614428 0.8808036 -0.4712821 0.04558632 0.2203933 -0.924355 0.3114393 0.2125389 -0.929851 0.3003404 0 -0.986089 -0.1662179 0 -0.9872945 -0.1589013 -0.8597159 -0.4963572 -0.1204909 -0.8595178 -0.4962429 -0.1223607 -0.8642536 0.4989771 -0.06393415 -0.8643263 0.4990191 -0.0626096 0 0.999742 -0.02271266 0 0.9997186 -0.02372221 0.8658764 0.4999138 0.01855306 0.8659277 0.4999435 0.01502454 0.8634901 -0.4985363 0.07646111 0.8634937 -0.4985383 0.07640794 0 -0.9932917 0.1156356 0 -0.9925891 0.1215186 0.1907471 -0.1101279 0.9754422 0.08557837 -0.06650641 0.9941093 0 -0.1971846 0.9803664 0.1725847 -0.001730627 0.9849932 0.2440897 0.1409252 0.9594583 0.2383095 0.1981194 0.9507667 0.1784503 0.1988183 0.9636529 0 0.3320338 0.9432675 0.1336444 0.2035538 0.9698995 0.3344631 0.4388273 0.8340055 -0.0791034 0.3864922 0.9188942 -0.363393 0.2098051 0.9077045 0.06751461 0.3131522 0.9473 0.06866919 0.3862948 0.9198157 0.3686247 0.5347875 0.7603409 0.0160369 0.4813529 0.8763801 -0.06516548 0.3880863 0.9193162 -0.2512594 0.3583 0.8991606 -0.492491 0.2001465 0.8469912 -0.4466994 -0.257902 0.8567066 -0.2237015 0.3916952 0.8924867 -0.3475159 0.3582141 0.8665537 -0.4300019 0.1686298 0.8869399 -0.5060216 -0.3696174 0.7793107 0 -0.5657212 0.8245966 0.0602032 -0.7122475 0.6993419 -0.5882738 0.1076769 0.8014609 -0.6501157 0.02365663 0.7594668 -0.5816301 -0.1150058 0.8052826 -0.5545207 -0.5103854 0.6572775 0.1097732 -0.89227 0.4379543 -0.5778363 -0.5931934 0.5605593 -0.4466984 -0.6193485 0.6456532 0.1003901 -0.9629418 0.2503293 0.1405714 -0.9466624 0.2899485 -0.9496838 0.3132105 0 -0.9496877 0.3131985 0 -0.9496869 0.3132008 0 -0.9496856 0.3132046 0 -0.9496888 0.313195 0 -0.9496889 0.3131948 0 -0.862817 -0.4996448 -0.07682366 0 -0.9989384 -0.04606751 0.001584657 -0.9955824 -0.09387911 -0.8641695 -0.5000281 -0.05641572 -0.8655857 0.4989074 -0.04304247 -0.8653949 0.4986792 -0.04909904 0 0.9998133 -0.01932722 0 0.9997551 -0.02213266 0.8660541 0.4999312 0.004371963 0.866058 0.4999157 0.00528479 0.8651161 -0.5001979 0.03709626 0.8658439 -0.5001472 0.01293038 0 -0.9985721 0.05342079 0 -0.9999961 0.002813359 -0.2188574 -0.8503352 -0.4785723 0.06704659 -0.9964366 -0.05117618 0.06742553 -0.996396 -0.05146546 -0.2216998 -0.8502431 -0.4774264 -0.360143 -0.7091061 -0.6061893 -0.3678309 -0.7049745 -0.6063921 -0.6193605 -0.626814 -0.4727544 -0.6224573 -0.6219402 -0.4751182 -0.9241024 -0.3656832 -0.1109527 -0.9238564 -0.3664946 -0.1103223 -0.9405053 0.03115402 0.3383475 -0.9403881 0.03050393 0.3387323 -0.7785645 0.2016829 0.5942739 -0.7786921 0.2009018 0.5943712 0.8661183 0.4998256 -0.003658541 0.003399624 0.9980026 -0.06308221 0.003399533 0.9980025 -0.06308241 0.8661181 0.499826 -0.00365653 0.8664352 -0.4985749 0.02670339 0.8664352 -0.4985747 0.02670953 0.001511669 -0.9996054 0.02805045 0.001512095 -0.9996051 0.02805902 -0.8650213 -0.5010505 0.02620346 -0.8650207 -0.5010511 0.02621169 -0.866214 0.4967506 0.05396441 -0.8662137 0.4967506 0.05396886 -0.006135745 0.9934782 0.1138566 -0.006135858 0.9934781 0.113858 -0.9496625 -0.3132749 0 -0.949663 -0.3132735 0 -0.9496628 -0.3132739 0 -0.9496628 -0.3132741 0 -0.9496633 -0.3132722 0 -0.9496631 -0.3132732 0 -0.9496633 -0.3132724 0 -0.9488865 0.3102799 -0.05779943 -0.9487052 0.3108651 -0.05763155 -0.9329084 0.2971995 0.2033575 -0.9327371 0.2976744 0.2034489 -0.9152166 0.3102669 -0.2571245 -0.9155822 0.309101 0.2572273 -0.9155808 0.3091053 -0.2572268 -0.9152179 0.310263 0.2571249 -0.9327365 0.2976759 -0.2034492 -0.9487063 0.3108615 0.05763258 -0.932908 0.2972009 -0.2033577 -0.9488874 0.3102768 0.05780043 -0.7568067 -0.6458409 -0.100664 -0.6885018 -0.5596627 -0.4612407 -0.6847336 -0.5635796 -0.4620799 -0.7544123 -0.648343 -0.1025357 -0.656405 -0.6600994 -0.3652416 -0.6550968 -0.6617991 0.3645137 -0.6530434 -0.6644513 -0.3633712 -0.6576028 -0.6585361 0.3659081 -0.7571374 -0.6454936 0.1004045 -0.6847304 -0.563583 0.4620807 -0.7583027 -0.6442661 0.09948883 -0.6884969 -0.5596676 0.461242  
					<BiTangents>: 156 0.04478516 -0.05297413 -0.9975911 0.06824879 -0.02735154 -0.9972933 0.06824879 -0.02735464 -0.9972933 0.04478121 -0.05297642 -0.9975912 -0.02343969 -0.06529772 -0.9975905 -0.02344552 -0.06529438 -0.9975906 -0.06826928 -0.01201204 -0.9975946 -0.0682693 -0.0120049 -0.9975947 -0.04475415 0.05299134 -0.9975916 -0.04474858 0.05299454 -0.9975917 0.0234564 0.06528752 -0.9975908 0.02346062 0.06528509 -0.9975908 0.06818403 0.05141835 -0.9963469 0.06818403 0.05141485 -0.9963471 -0.5291581 0.401062 -0.7477573 -0.5251784 0.416444 -0.7421335 -0.1907456 0.5527518 -0.8112223 -0.2050119 0.5456175 -0.812571 0.3374115 0.4711393 -0.8149732 0.3319624 0.474514 -0.815253 0.5774909 -0.02357595 -0.8160567 0.5775146 -0.02176814 -0.8160901 0.3002563 -0.4936028 -0.8162122 0.2975187 -0.495208 -0.8162424 -0.2285761 -0.5334662 -0.8143506 -0.2400107 -0.5274031 -0.8150098 -0.533955 -0.3815333 -0.7545359 -0.5371298 -0.3679363 -0.7590221 0 0.1662179 -0.9860891 0 0.1589013 -0.9872945 0.1043482 0.06024543 -0.9927145 0.1059675 0.06118035 -0.9924857 0.0553686 -0.03196708 -0.9979541 0.0542215 -0.03130481 -0.9980381 0 -0.02271266 -0.999742 0 -0.02372221 -0.9997186 0.01606742 0.00927653 -0.9998279 0.01301164 0.00751227 -0.9998871 0.06621727 -0.03823056 -0.9970726 0.06617122 -0.03820397 -0.9970767 0 -0.1156356 -0.9932917 0 -0.1215186 -0.9925892 0.8447577 -0.487721 -0.2202558 -0.005704139 -0.997786 -0.06626134 0 -0.9803664 -0.1971846 0.8497374 -0.505484 -0.1497741 0.8309153 0.4797291 -0.2818505 0.04816853 -0.9801779 0.1921746 0.848525 0.4647456 -0.2530159 1.239897E-07 0.9432675 -0.3320338 0.8642437 -0.5028911 -0.01354359 0.1633387 -0.8985714 0.4072958 0.03314889 0.9222927 -0.385068 -0.7860951 0.4538523 -0.4196101 0.8719058 0.443023 -0.2085928 0.8831312 -0.4524215 0.1240729 0.2333006 -0.8449866 0.4812157 0.8929284 -0.401291 0.2040699 0.8833967 0.4508855 -0.1277205 0.8569989 0.5141557 0.03459567 -0.7136467 0.4641752 -0.5246426 -0.7419297 -0.4283533 -0.5158041 0.09523244 0.920095 -0.3799419 0.1333332 0.9336395 -0.332475 0.0735646 0.9856794 -0.1517374 -0.7041174 -0.3448189 -0.6207404 0 -0.8245966 -0.5657212 -0.06108823 -0.7019284 -0.709623 -0.6470794 0.5317325 -0.5463961 -0.6016525 0.5944318 -0.5335401 -0.6777055 0.6160427 -0.4015055 -0.6762284 -0.1839576 -0.7133546 -0.2169365 -0.4515021 -0.8654966 -0.6713728 -0.04506023 -0.7397487 -0.7733298 -0.09561591 -0.6267525 -0.3584228 -0.2697091 -0.8937506 -0.4129806 -0.3222273 -0.8518313 0.3132105 0.9496838 0 0.3131985 0.9496877 0 0.3132008 0.9496869 0 0.3132046 0.9496857 0 0.313195 0.9496889 0 0.3131948 0.9496889 0 0.07495447 0.02384427 -0.9969019 0.01685944 0.04606095 -0.9987963 0.0168028 0.09389247 -0.9954405 0.05728966 0.01361893 -0.9982647 0.02885032 -0.036127 -0.9989307 0.03409856 -0.03915163 -0.9986513 -0.01687421 -0.01932446 -0.9996709 -0.01687323 -0.0221295 -0.9996127 -0.004651819 0.01680236 -0.9998481 -0.00386114 0.01725878 -0.9998437 0.04056374 -0.003944624 -0.9991691 0.0196376 0.00814888 -0.999774 0.01685327 -0.0534132 -0.9984303 0.01687729 -0.002812958 -0.9998536 0.9273984 -0.02878478 -0.3729661 0.7920665 0.08434599 -0.6045797 0.7920342 0.08482274 -0.6045551 0.9267229 -0.0313918 -0.3744319 0.8821922 -0.4701775 0.02588371 0.8790145 -0.4763503 0.02059086 0.4982537 -0.7791688 0.3803143 0.4943796 -0.7830648 0.3773572 0.2323806 -0.7682277 0.596511 0.2333568 -0.767841 0.5966279 0.1530217 -0.8502515 0.5036435 0.1537407 -0.850275 0.5033848 -0.1603175 -0.9794508 0.1223694 -0.1596966 -0.9796114 0.1218956 -0.02373288 0.04843429 0.9985444 -0.05370438 0.06317375 0.9965566 -0.05370438 0.06317395 0.9965565 -0.02373464 0.04843327 0.9985444 0.003737238 0.05995737 0.9981939 0.003731918 0.05996043 0.9981938 0.05379097 0.02809115 0.998157 0.05379096 0.02809973 0.9981568 0.04962243 -0.03346562 0.9982072 0.04962956 -0.03346147 0.998207 0.0199358 -0.07355565 0.9970918 0.01993963 -0.07355786 0.9970916 -0.05346091 -0.1140218 0.9920388 -0.0534609 -0.1140232 0.9920386 0.3132749 -0.9496625 0 0.3132734 -0.9496629 0 0.3132739 -0.9496628 0 0.3132741 -0.9496628 0 0.3132722 -0.9496633 0 0.3132732 -0.9496631 0 0.3132724 -0.9496633 0 0.2851764 0.9213359 0.2642245 0.2857791 0.9211386 0.2642612 0.3337559 0.9256381 0.1783286 0.3342344 0.9254856 0.1782243 0.2987025 0.9506496 0.08391865 0.2975801 0.9510292 -0.08360333 0.2975843 0.9510278 0.08360448 0.2986988 0.9506508 -0.0839176 0.334236 0.9254851 -0.1782238 0.2857754 0.9211399 -0.2642608 0.3337573 0.9256377 -0.1783283 0.2851731 0.921337 -0.2642241 -0.6067455 0.6368506 0.4756904 -0.6832728 0.7137695 0.1538554 -0.6870489 0.7106808 0.1513164 -0.60972 0.6343032 0.4752905 -0.576817 0.7511783 -0.3209568 -0.5783023 0.7496812 0.3217832 -0.5806199 0.7473316 -0.3230728 -0.575451 0.7525491 0.3201967 -0.6063327 0.6372026 -0.4757452 -0.6870521 0.7106781 -0.1513143 -0.6048746 0.6384436 -0.4759375 -0.6832776 0.7137656 -0.1538522  
					<SubMeshes>: 1
						<SubMesh>: 0 462 0 1 2 0 2 3 4 0 3 4 3 5 6 4 5 6 5 7 8 6 7 8 7 9 10 8 9 10 9 11 12 10 11 12 11 13 14 15 16 14 16 17 17 16 18 17 18 19 19 18 20 19 20 21 21 20 22 21 22 23 23 22 24 23 24 25 25 24 26 25 26 27 28 29 30 28 30 31 31 30 32 31 32 33 33 32 34 33 34 35 35 34 36 35 36 37 37 36 38 37 38 39 39 38 40 39 40 41 42 43 44 42 45 43 46 45 42 45 47 43 46 48 45 49 48 46 45 50 47 48 50 45 50 51 47 49 52 48 53 52 49 48 54 50 52 54 48 50 55 51 54 55 50 55 56 51 55 57 56 58 57 55 54 58 55 58 59 57 53 60 52 61 60 53 52 62 54 62 58 54 60 62 52 63 59 58 62 63 58 63 64 59 61 65 60 66 65 61 66 67 65 60 68 62 68 63 62 65 68 60 69 64 63 68 69 63 69 70 64 67 71 65 65 71 68 71 69 68 67 72 71 73 70 69 71 73 69 72 73 71 73 74 70 72 75 73 75 74 73 75 76 74 77 78 79 80 77 79 80 79 81 80 81 82 83 84 85 83 86 84 87 86 83 87 88 86 89 88 87 89 90 88 91 90 89 91 92 90 93 92 91 93 94 92 95 94 93 95 96 94 97 98 99 97 100 98 101 100 97 101 102 100 103 102 101 103 104 102 105 104 103 105 106 104 107 106 105 107 108 106 109 108 107 109 110 108 111 112 113 111 114 112 115 114 111 115 116 114 117 116 115 117 118 116 119 118 117 119 120 118 121 120 119 121 122 120 123 122 121 123 124 122 125 126 127 128 126 125 127 126 129 130 126 128 129 126 131 131 126 130 132 133 134 132 134 135 136 133 132 135 134 137 136 138 133 135 137 139 140 138 136 139 137 141 140 142 138 139 141 143 143 142 140 143 141 142 144 145 146 144 147 145 146 145 148 149 147 144 146 148 150 149 151 147 150 148 152 153 151 149 150 152 154 153 155 151 154 152 155 154 155 153  
				</Mesh>
				<Materials>: 1
					<Material>: 0
						<AlbedoColor>: 1 1 1 1
						<EmissiveColor>: 0 0 0 1
						<Glossiness>: 0.5
						<Metallic>: 0
						<SpecularHighlight>: 1
						<GlossyReflection>: 1
						<AlbedoMap>: Bullet1_diffuse3
						<MetallicMap>: null
						<NormalMap>: null
						<EmissionMap>: null
						<DetailAlbedoMap>: null
						<DetailNormalMap>: null
				</Materials>
				<Children>: 0
			</Frame>
			<Frame>: 2 0 Bullet1_Bone
				<Transform>: 0 0 0 0 7.629395E-06 270 0.75 0.75 0.75 -4.707849E-08 4.707849E-08 -0.7071068 0.7071068  
				<TransformMatrix>: -8.940697E-08 -0.7500001 0 0 0.7500001 -8.940697E-08 -9.986856E-08 0 9.986856E-08 0 0.75 0 0 0 0 1  
				<Children>: 0
			</Frame>
	</Frame>
</Hierarchy>
<Animation>:
	<AnimationSets>: 1
		<FrameNames>: 3 Bullet1(1) Bullet1 Bullet1_Bone  
		<AnimationSet>: 0 Bullet1_turn 2 30 60
			<Transforms>: 0 0 1 0 0 0 0 1 0 0 0 0 1 0 0 0 0 1 0.8853325 0 0 0 0 -1.055399E-07 -0.8853326 0 0 0.8853326 -1.055399E-07 0 0 0 0 1 0 -0.6513399 0.376051 0 0.7521025 0 -8.965759E-08 0 6.724319E-08 0.376051 0.6513399 0 0 0 0 1  
			<Transforms>: 1 0.03333334 1 0 0 0 0 1 0 0 0 0 1 0 0 0 0 1 0.8853325 0 0 0 0 -1.055399E-07 -0.8853326 0 0 0.8853326 -1.055399E-07 0 0 0 0 1 0.03939861 -0.6528392 0.3748519 0 0.7497041 0 -0.07879728 0 0.06824046 0.3769167 0.6492628 0 0 0.000486893 0 1  
			<Transforms>: 2 0.06666667 1 0 0 0 0 1 0 0 0 0 1 0 0 0 0 1 0.8853325 0 0 0 0 -1.055399E-07 -0.8853326 0 0 0.8853326 -1.055399E-07 0 0 0 0 1 0.07859885 -0.6549843 0.3698967 0 0.7397936 -1.803185E-07 -0.1571981 0 0.1361376 0.3781551 0.64068 0 0 0.001903398 0 1  
			<Transforms>: 3 0.1 1 0 0 0 0 1 0 0 0 0 1 0 0 0 0 1 0.8853325 0 0 0 0 -1.055399E-07 -0.8853326 0 0 0.8853326 -1.055399E-07 0 0 0 0 1 0.1173259 -0.6578892 0.3612578 0 0.7225158 -1.811182E-07 -0.2346522 0 0.2032149 0.3798323 0.625717 0 0 0.004183253 0 1  
			<Transforms>: 4 0.1333333 1 0 0 0 0 1 0 0 0 0 1 0 0 0 0 1 0.8853325 0 0 0 0 -1.055399E-07 -0.8853326 0 0 0.8853326 -1.055399E-07 0 0 0 0 1 0.1553161 -0.661668 0.3490151 0 0.6980304 -2.732378E-07 -0.3106328 0 0.269016 0.3820139 0.604512 0 0 0.007260193 0 1  
			<Transforms>: 5 0.1666667 1 0 0 0 0 1 0 0 0 0 1 0 0 0 0 1 0.8853325 0 0 0 0 -1.055399E-07 -0.8853326 0 0 0.8853326 -1.055399E-07 0 0 0 0 1 0.1923208 -0.6664346 0.3332529 0 0.6665061 -2.752062E-07 -0.3846421 0 0.33311 0.3847659 0.5772111 0 0 0.01106796 0 1  
			<Transforms>: 6 0.2 1 0 0 0 0 1 0 0 0 0 1 0 0 0 0 1 0.8853325 0 0 0 0 -1.055399E-07 -0.8853326 0 0 0.8853326 -1.055399E-07 0 0 0 0 1 0.2281034 -0.6723031 0.314058 0 0.6281161 -1.850864E-07 -0.4562075 0 0.3950874 0.3881541 0.5439645 0 0 0.01554028 0 1  
			<Transforms>: 7 0.2333333 1 0 0 0 0 1 0 0 0 0 1 0 0 0 0 1 0.8853325 0 0 0 0 -1.055399E-07 -0.8853326 0 0 0.8853326 -1.055399E-07 0 0 0 0 1 0.2624378 -0.6793877 0.2915168 0 0.5830336 -1.870368E-07 -0.5248762 0 0.4545563 0.3922443 0.504922 0 0 0.0206109 0 1  
			<Transforms>: 8 0.2666667 1 0 0 0 0 1 0 0 0 0 1 0 0 0 0 1 0.8853325 0 0 0 0 -1.055399E-07 -0.8853326 0 0 0.8853326 -1.055399E-07 0 0 0 0 1 0.2949575 -0.6874594 0.2655811 0 0.5311624 -9.462948E-08 -0.5899154 0 0.5108819 0.3969045 0.4600001 0 0 0.02621355 0 1  
			<Transforms>: 9 0.3 1 0 0 0 0 1 0 0 0 0 1 0 0 0 0 1 0.8853325 0 0 0 0 -1.055399E-07 -0.8853326 0 0 0.8853326 -1.055399E-07 0 0 0 0 1 0.3251836 -0.6961541 0.2362178 0 0.4724357 -1.916526E-07 -0.6503678 0 0.5632352 0.4019245 0.4091413 0 0 0.03228198 0 1  
			<Transforms>: 10 0.3333333 1 0 0 0 0 1 0 0 0 0 1 0 0 0 0 1 0.8853325 0 0 0 0 -1.055399E-07 -0.8853326 0 0 0.8853326 -1.055399E-07 0 0 0 0 1 0.3527218 -0.7053825 0.2035728 0 0.4071457 -9.70966E-08 -0.705444 0 0.6109326 0.4072524 0.3525985 0 0 0.03874991 0 1  
			<Transforms>: 11 0.3666667 1 0 0 0 0 1 0 0 0 0 1 0 0 0 0 1 0.8853325 0 0 0 0 -1.055399E-07 -0.8853326 0 0 0.8853326 -1.055399E-07 0 0 0 0 1 0.3771767 -0.7150555 0.1678459 0 0.335692 0 -0.7543539 0 0.6532897 0.4128372 0.2907179 0 0 0.04555109 0 1  
			<Transforms>: 12 0.4 1 0 0 0 0 1 0 0 0 0 1 0 0 0 0 1 0.8853325 0 0 0 0 -1.055399E-07 -0.8853326 0 0 0.8853326 -1.055399E-07 0 0 0 0 1 0.3981614 -0.7250841 0.1292914 0 0.2585828 0 -0.7963232 0 0.6896363 0.4186272 0.2239393 0 0 0.05261924 0 1  
			<Transforms>: 13 0.4333333 1 0 0 0 0 1 0 0 0 0 1 0 0 0 0 1 0.8853325 0 0 0 0 -1.055399E-07 -0.8853326 0 0 0.8853326 -1.055399E-07 0 0 0 0 1 0.4153051 -0.7353792 0.08821737 0 0.1764348 0 -0.8306106 0 0.71933 0.4245712 0.152797 0 0 0.05988812 0 1  
			<Transforms>: 14 0.4666667 1 0 0 0 0 1 0 0 0 0 1 0 0 0 0 1 0.8853325 0 0 0 0 -1.055399E-07 -0.8853326 0 0 0.8853326 -1.055399E-07 0 0 0 0 1 0.4282611 -0.7458515 0.04498379 0 0.0899678 0 -0.8565229 0 0.7417707 0.4306173 0.07791434 0 0 0.06729145 0 1  
			<Transforms>: 15 0.5 1 0 0 0 0 1 0 0 0 0 1 0 0 0 0 1 0.8853325 0 0 0 0 -1.055399E-07 -0.8853326 0 0 0.8853326 -1.055399E-07 0 0 0 0 1 0.4367143 -0.7564118 -2.603021E-07 0 -3.904532E-07 0 -0.8734289 0 0.7564118 0.4367143 -3.123625E-07 0 0 0.07476297 0 1  
			<Transforms>: 16 0.5333334 1 0 0 0 0 1 0 0 0 0 1 0 0 0 0 1 0.8853325 0 0 0 0 -1.055399E-07 -0.8853326 0 0 0.8853326 -1.055399E-07 0 0 0 0 1 0.4403879 -0.7669712 -0.04625827 0 -0.09251634 1.055744E-07 -0.8807763 0 0.7627748 0.4428108 -0.08012144 0 0 0.08223643 0 1  
			<Transforms>: 17 0.5666667 1 0 0 0 0 1 0 0 0 0 1 0 0 0 0 1 0.8853325 0 0 0 0 -1.055399E-07 -0.8853326 0 0 0.8853326 -1.055399E-07 0 0 0 0 1 0.4390591 -0.7774404 -0.09326363 0 -0.1865272 5.350773E-08 -0.8781186 0 0.7604731 0.4488553 -0.1615373 0 0 0.08964556 0 1  
			<Transforms>: 18 0.6000001 1 0 0 0 0 1 0 0 0 0 1 0 0 0 0 1 0.8853325 0 0 0 0 -1.055399E-07 -0.8853326 0 0 0.8853326 -1.055399E-07 0 0 0 0 1 0.432562 -0.7877304 -0.1404625 0 -0.2809249 1.084319E-07 -0.8651243 0 0.7492197 0.4547962 -0.2432881 0 0 0.09692407 0 1  
			<Transforms>: 19 0.6333334 1 0 0 0 0 1 0 0 0 0 1 0 0 0 0 1 0.8853325 0 0 0 0 -1.055399E-07 -0.8853326 0 0 0.8853326 -1.055399E-07 0 0 0 0 1 0.4207973 -0.7977521 -0.1872579 0 -0.3745158 1.098114E-07 -0.8415951 0 0.7288428 0.4605821 -0.3243402 0 0 0.1040057 0 1  
			<Transforms>: 20 0.6666668 1 0 0 0 0 1 0 0 0 0 1 0 0 0 0 1 0.8853325 0 0 0 0 -1.055399E-07 -0.8853326 0 0 0.8853326 -1.055399E-07 0 0 0 0 1 0.403743 -0.8074162 -0.2330201 0 -0.4660403 0 -0.8074864 0 0.6993037 0.4661618 -0.4036027 0 0 0.1108243 0 1  
			<Transforms>: 21 0.7000002 1 0 0 0 0 1 0 0 0 0 1 0 0 0 0 1 0.8853325 0 0 0 0 -1.055399E-07 -0.8853326 0 0 0.8853326 -1.055399E-07 0 0 0 0 1 0.3814613 -0.8166338 -0.2770992 0 -0.5541983 5.620523E-08 -0.7629231 0 0.6607109 0.4714836 -0.4799498 0 0 0.1173135 0 1  
			<Transforms>: 22 0.7333335 1 0 0 0 0 1 0 0 0 0 1 0 0 0 0 1 0.8853325 0 0 0 0 -1.055399E-07 -0.8853326 0 0 0.8853326 -1.055399E-07 0 0 0 0 1 0.3541052 -0.8253153 -0.3188383 0 -0.6376766 0 -0.7082106 0 0.6133284 0.4764959 -0.5522442 0 0 0.123407 0 1  
			<Transforms>: 23 0.7666669 1 0 0 0 0 1 0 0 0 0 1 0 0 0 0 1 0.8853325 0 0 0 0 -1.055399E-07 -0.8853326 0 0 0.8853326 -1.055399E-07 0 0 0 0 1 0.3219198 -0.8333721 -0.3575897 0 -0.7151797 0 -0.64384 0 0.5575819 0.4811474 -0.6193638 0 0 0.1290386 0 1  
			<Transforms>: 24 0.8000003 1 0 0 0 0 1 0 0 0 0 1 0 0 0 0 1 0.8853325 0 0 0 0 -1.055399E-07 -0.8853326 0 0 0.8853326 -1.055399E-07 0 0 0 0 1 0.2852433 -0.8407148 -0.3927295 0 -0.7854593 0 -0.570487 0 0.4940563 0.4853867 -0.6802278 0 0 0.134142 0 1  
			<Transforms>: 25 0.8333336 1 0 0 0 0 1 0 0 0 0 1 0 0 0 0 1 0.8853325 0 0 0 0 -1.055399E-07 -0.8853326 0 0 0.8853326 -1.055399E-07 0 0 0 0 1 0.2445022 -0.8472543 -0.4236726 0 -0.8473455 5.831271E-08 -0.4890045 0 0.4234904 0.4891623 -0.7338228 0 0 0.1386509 0 1  
			<Transforms>: 26 0.866667 1 0 0 0 0 1 0 0 0 0 1 0 0 0 0 1 0.8853325 0 0 0 0 -1.055399E-07 -0.8853326 0 0 0.8853326 -1.055399E-07 0 0 0 0 1 0.2002052 -0.8529017 -0.4498866 0 -0.8997736 5.870139E-08 -0.4004109 0 0.3467661 0.4924227 -0.779227 0 0 0.1424992 0 1  
			<Transforms>: 27 0.9000003 1 0 0 0 0 1 0 0 0 0 1 0 0 0 0 1 0.8853325 0 0 0 0 -1.055399E-07 -0.8853326 0 0 0.8853326 -1.055399E-07 0 0 0 0 1 0.1529358 -0.8575675 -0.4709043 0 -0.9418092 5.902251E-08 -0.305872 0 0.264893 0.4951164 -0.8156309 0 0 0.1456205 0 1  
			<Transforms>: 28 0.9333337 1 0 0 0 0 1 0 0 0 0 1 0 0 0 0 1 0.8853325 0 0 0 0 -1.055399E-07 -0.8853326 0 0 0.8853326 -1.055399E-07 0 0 0 0 1 0.1033404 -0.8611628 -0.486334 0 -0.9726686 -1.185399E-07 -0.206681 0 0.178991 0.4971921 -0.842356 0 0 0.1479486 0 1  
			<Transforms>: 29 0.9666671 1 0 0 0 0 1 0 0 0 0 1 0 0 0 0 1 0.8853325 0 0 0 0 -1.055399E-07 -0.8853326 0 0 0.8853326 -1.055399E-07 0 0 0 0 1 0.05211737 -0.8635982 -0.495867 0 -0.9917345 1.188752E-07 -0.104235 0 0.09027027 0.4985983 -0.8588673 0 0 0.1494172 0 1  
			<Transforms>: 30 1 1 0 0 0 0 1 0 0 0 0 1 0 0 0 0 1 0.8853325 0 0 0 0 -1.055399E-07 -0.8853326 0 0 0.8853326 -1.055399E-07 0 0 0 0 1 3.178329E-05 -0.864785 -0.4992836 0 -0.9985676 1.190385E-07 -6.414688E-05 0 5.566539E-05 0.4992835 -0.8647851 0 0 0.14996 0 1  
			<Transforms>: 31 1.033334 1 0 0 0 0 1 0 0 0 0 1 0 0 0 0 1 0.8853325 0 0 0 0 -1.055399E-07 -0.8853326 0 0 0.8853326 -1.055399E-07 0 0 0 0 1 -0.05211392 -0.8646337 -0.4964684 0 -0.9929375 4.165619E-07 0.1042273 0 -0.09026335 0.4991961 -0.8599093 0 0 0.1495108 0 1  
			<Transforms>: 32 1.066667 1 0 0 0 0 1 0 0 0 0 1 0 0 0 0 1 0.8853325 0 0 0 0 -1.055399E-07 -0.8853326 0 0 0.8853326 -1.055399E-07 0 0 0 0 1 -0.1035121 -0.8630554 -0.4874147 0 -0.97483 2.970011E-07 0.2070239 0 -0.1792878 0.4982849 -0.8442278 0 0 0.1480882 0 1  
			<Transforms>: 33 1.1 1 0 0 0 0 1 0 0 0 0 1 0 0 0 0 1 0.8853325 0 0 0 0 -1.055399E-07 -0.8853326 0 0 0.8853326 -1.055399E-07 0 0 0 0 1 -0.1533391 -0.859961 -0.4722264 0 -0.9444534 1.183745E-07 0.3066778 0 -0.2655907 0.4964984 -0.8179209 0 0 0.1457989 0 1  
			<Transforms>: 34 1.133334 1 0 0 0 0 1 0 0 0 0 1 0 0 0 0 1 0.8853325 0 0 0 0 -1.055399E-07 -0.8853326 0 0 0.8853326 -1.055399E-07 0 0 0 0 1 -0.2008353 -0.8555287 -0.4512664 0 -0.9025334 2.355288E-07 0.4016703 0 -0.3478566 0.4939395 -0.781617 0 0 0.1427097 0 1  
			<Transforms>: 35 1.166667 1 0 0 0 0 1 0 0 0 0 1 0 0 0 0 1 0.8853325 0 0 0 0 -1.055399E-07 -0.8853326 0 0 0.8853326 -1.055399E-07 0 0 0 0 1 -0.2453554 -0.8500593 -0.42505 0 -0.8501006 2.34023E-07 0.4907103 0 -0.4249675 0.4907817 -0.7362089 0 0 0.1388873 0 1  
			<Transforms>: 36 1.2 1 0 0 0 0 1 0 0 0 0 1 0 0 0 0 1 0.8853325 0 0 0 0 -1.055399E-07 -0.8853326 0 0 0.8853326 -1.055399E-07 0 0 0 0 1 -0.2862981 -0.8436461 -0.3940551 0 -0.7881104 -1.161287E-07 0.5725964 0 -0.4958831 0.4870791 -0.6825238 0 0 0.1343982 0 1  
			<Transforms>: 37 1.233333 1 0 0 0 0 1 0 0 0 0 1 0 0 0 0 1 0.8853325 0 0 0 0 -1.055399E-07 -0.8853326 0 0 0.8853326 -1.055399E-07 0 0 0 0 1 -0.3231441 -0.8363823 -0.3588261 0 -0.7176527 2.302578E-07 0.6462882 0 -0.5597019 0.4828854 -0.6215056 0 0 0.1293092 0 1  
			<Transforms>: 38 1.266667 1 0 0 0 0 1 0 0 0 0 1 0 0 0 0 1 0.8853325 0 0 0 0 -1.055399E-07 -0.8853326 0 0 0.8853326 -1.055399E-07 0 0 0 0 1 -0.3554612 -0.8283617 -0.3199608 0 -0.6399218 1.140248E-07 0.7109225 0 -0.615677 0.4782547 -0.5541886 0 0 0.1236869 0 1  
			<Transforms>: 39 1.3 1 0 0 0 0 1 0 0 0 0 1 0 0 0 0 1 0.8853325 0 0 0 0 -1.055399E-07 -0.8853326 0 0 0.8853326 -1.055399E-07 0 0 0 0 1 -0.3829118 -0.8196777 -0.2780926 0 -0.5561856 5.641473E-08 0.7658238 0 -0.6632229 0.4732408 -0.481671 0 0 0.1175979 0 1  
			<Transforms>: 40 1.333333 1 0 0 0 0 1 0 0 0 0 1 0 0 0 0 1 0.8853325 0 0 0 0 -1.055399E-07 -0.8853326 0 0 0.8853326 -1.055399E-07 0 0 0 0 1 -0.4052536 -0.8104235 -0.233876 0 -0.4677523 1.115556E-07 0.8105075 0 -0.7019202 0.467898 -0.4050856 0 0 0.111109 0 1  
			<Transforms>: 41 1.366667 1 0 0 0 0 1 0 0 0 0 1 0 0 0 0 1 0.8853325 0 0 0 0 -1.055399E-07 -0.8853326 0 0 0.8853326 -1.055399E-07 0 0 0 0 1 -0.422339 -0.8006927 -0.1879693 0 -0.3759388 0 0.8446783 0 -0.7315129 0.4622798 -0.3255727 0 0 0.1042868 0 1  
			<Transforms>: 42 1.4 1 0 0 0 0 1 0 0 0 0 1 0 0 0 0 1 0.8853325 0 0 0 0 -1.055399E-07 -0.8853326 0 0 0.8853326 -1.055399E-07 0 0 0 0 1 -0.43411 -0.7905786 -0.1410198 0 -0.28204 1.088239E-07 0.86822 0 -0.7519007 0.4564406 -0.2442539 0 0 0.09719795 0 1  
			<Transforms>: 43 1.433333 1 0 0 0 0 1 0 0 0 0 1 0 0 0 0 1 0.8853325 0 0 0 0 -1.055399E-07 -0.8853326 0 0 0.8853326 -1.055399E-07 0 0 0 0 1 -0.4405909 -0.7801749 -0.09365055 0 -0.1873014 1.073918E-07 0.881182 0 -0.763126 0.4504339 -0.1622079 0 0 0.08990913 0 1  
			<Transforms>: 44 1.466667 1 0 0 0 0 1 0 0 0 0 1 0 0 0 0 1 0.8853325 0 0 0 0 -1.055399E-07 -0.8853326 0 0 0.8853326 -1.055399E-07 0 0 0 0 1 -0.4418769 -0.7695747 -0.04647234 0 -0.09294479 0 0.8837541 0 -0.7653536 0.4443139 -0.08049267 0 0 0.082487 0 1  
			<Transforms>: 45 1.5 1 0 0 0 0 1 0 0 0 0 1 0 0 0 0 1 0.8853325 0 0 0 0 -1.055399E-07 -0.8853326 0 0 0.8853326 -1.055399E-07 0 0 0 0 1 -0.4381345 -0.7588716 -5.917628E-05 0 -0.0001187182 2.089189E-07 0.8762693 0 -0.7588716 0.4381345 -0.000102997 0 0 0.07499824 0 1  
			<Transforms>: 46 1.533333 1 0 0 0 0 1 0 0 0 0 1 0 0 0 0 1 0.8853325 0 0 0 0 -1.055399E-07 -0.8853326 0 0 0.8853326 -1.055399E-07 0 0 0 0 1 -0.4295916 -0.7481592 0.04507354 0 0.09014693 1.029849E-07 0.8591835 0 -0.7440749 0.4319497 0.07806943 0 0 0.06750946 0 1  
			<Transforms>: 47 1.566666 1 0 0 0 0 1 0 0 0 0 1 0 0 0 0 1 0.8853325 0 0 0 0 -1.055399E-07 -0.8853326 0 0 0.8853326 -1.055399E-07 0 0 0 0 1 -0.4165249 -0.7375308 0.08845396 0 0.1769076 2.030437E-07 0.83305 0 -0.7214426 0.4258134 0.1532063 0 0 0.0600874 0 1  
			<Transforms>: 48 1.6 1 0 0 0 0 1 0 0 0 0 1 0 0 0 0 1 0.8853325 0 0 0 0 -1.055399E-07 -0.8853326 0 0 0.8853326 -1.055399E-07 0 0 0 0 1 -0.3992537 -0.7270797 0.1296583 0 0.2593164 1.000832E-07 0.7985078 0 -0.6915282 0.4197794 0.2245744 0 0 0.05279867 0 1  
			<Transforms>: 49 1.633333 1 0 0 0 0 1 0 0 0 0 1 0 0 0 0 1 0.8853325 0 0 0 0 -1.055399E-07 -0.8853326 0 0 0.8853326 -1.055399E-07 0 0 0 0 1 -0.3781324 -0.7168996 0.168317 0 0.3366337 2.960458E-07 0.7562655 0 -0.6549453 0.4139019 0.2915333 0 0 0.04570994 0 1  
			<Transforms>: 50 1.666666 1 0 0 0 0 1 0 0 0 0 1 0 0 0 0 1 0.8853325 0 0 0 0 -1.055399E-07 -0.8853326 0 0 0.8853326 -1.055399E-07 0 0 0 0 1 -0.3535416 -0.7070837 0.2041174 0 0.4082346 2.43327E-07 0.7070838 0 -0.6123527 0.4082347 0.3535415 0 0 0.03888787 0 1  
			<Transforms>: 51 1.7 1 0 0 0 0 1 0 0 0 0 1 0 0 0 0 1 0.8853325 0 0 0 0 -1.055399E-07 -0.8853326 0 0 0.8853326 -1.055399E-07 0 0 0 0 1 -0.3258776 -0.6977257 0.2368063 0 0.4736125 2.401066E-07 0.6517559 0 -0.5644373 0.4028319 0.4101603 0 0 0.03239915 0 1  
			<Transforms>: 52 1.733333 1 0 0 0 0 1 0 0 0 0 1 0 0 0 0 1 0.8853325 0 0 0 0 -1.055399E-07 -0.8853326 0 0 0.8853326 -1.055399E-07 0 0 0 0 1 -0.2955433 -0.6889187 0.2661897 0 0.5323794 2.370759E-07 0.5910872 0 -0.5118966 0.3977472 0.461054 0 0 0.02631041 0 1  
			<Transforms>: 53 1.766666 1 0 0 0 0 1 0 0 0 0 1 0 0 0 0 1 0.8853325 0 0 0 0 -1.055399E-07 -0.8853326 0 0 0.8853326 -1.055399E-07 0 0 0 0 1 -0.2629372 -0.6807564 0.2921307 0 0.5842613 2.34267E-07 0.5258748 0 -0.4554211 0.3930347 0.5059851 0 0 0.02068834 0 1  
			<Transforms>: 54 1.8 1 0 0 0 0 1 0 0 0 0 1 0 0 0 0 1 0.8853325 0 0 0 0 -1.055399E-07 -0.8853326 0 0 0.8853326 -1.055399E-07 0 0 0 0 1 -0.228444 -0.6733322 0.3145451 0 0.6290902 1.853697E-07 0.4568885 0 -0.3956771 0.3887484 0.5448081 0 0 0.01559959 0 1  
			<Transforms>: 55 1.833333 1 0 0 0 0 1 0 0 0 0 1 0 0 0 0 1 0.8853325 0 0 0 0 -1.055399E-07 -0.8853326 0 0 0.8853326 -1.055399E-07 0 0 0 0 1 -0.1924263 -0.6667395 0.3333954 0 0.6667909 1.376661E-07 0.3848529 0 -0.3332925 0.3849421 0.577458 0 0 0.01111081 0 1  
			<Transforms>: 56 1.866666 1 0 0 0 0 1 0 0 0 0 1 0 0 0 0 1 0.8853325 0 0 0 0 -1.055399E-07 -0.8853326 0 0 0.8853326 -1.055399E-07 0 0 0 0 1 -0.1552168 -0.6610718 0.3486827 0 0.6973655 1.819944E-07 0.310434 0 -0.2688439 0.3816699 0.6039361 0 0 0.007288709 0 1  
			<Transforms>: 57 1.899999 1 0 0 0 0 1 0 0 0 0 1 0 0 0 0 1 0.8853325 0 0 0 0 -1.055399E-07 -0.8853326 0 0 0.8853326 -1.055399E-07 0 0 0 0 1 -0.1171134 -0.6564223 0.3604366 0 0.7208731 2.710716E-07 0.2342273 0 -0.2028469 0.3789856 0.6242944 0 0 0.004199892 0 1  
			<Transforms>: 58 1.933333 1 0 0 0 0 1 0 0 0 0 1 0 0 0 0 1 0.8853325 0 0 0 0 -1.055399E-07 -0.8853326 0 0 0.8853326 -1.055399E-07 0 0 0 0 1 -0.07837155 -0.6528849 0.3687059 0 0.7374119 2.246757E-07 0.1567435 0 -0.135744 0.3769431 0.6386175 0 0 0.001911074 0 1  
			<Transforms>: 59 1.966666 1 0 0 0 0 1 0 0 0 0 1 0 0 0 0 1 0.8853325 0 0 0 0 -1.055399E-07 -0.8853326 0 0 0.8853326 -1.055399E-07 0 0 0 0 1 -0.03926134 -0.6505527 0.3735389 0 0.7470782 0 0.07852279 0 -0.06800276 0.3755966 0.6469887 0 0 0.0004888773 0 1  
	</AnimationSets>
</Animation>
