<Hierarchy>:
	<Frame>: 0 0 Bullet1
		<Transform>: 0.362186 0 0.4727092 0 0 0 1 1 1 0 0 0 1  
		<TransformMatrix>: 1 0 0 0 0 1 0 0 0 0 1 0 0.362186 0 0.4727092 1  
		<Children>: 2
			<Frame>: 1 0 Bullet1
				<Transform>: 0 0 0 270 0 0 0.8853325 0.8853325 0.8853325 -0.7071068 0 0 0.7071068  
				<TransformMatrix>: 0.8853325 0 0 0 0 -1.055399E-07 -0.8853326 0 0 0.8853326 -1.055399E-07 0 0 0 0 1  
				<SkinningInfo>: Bullet1
					<BonesPerVertex>: 4
					<Bounds>: -0.3914411 7.450581E-09 -1.117587E-08 0.3914411 0.07166328 0.06206222
					<BoneNames>: 1 Bullet1_Bone  
					<BoneOffsets>: 1 1.407663E-08 1.180443 8.912101E-08 0 -7.228235E-17 8.912102E-08 -1.180443 0 -1.180443 1.407664E-08 1.135038E-15 0 0 0 0 1  
					<BoneIndices>: 156 0 0 0 0 0 0 0 0 0 0 0 0 0 0 0 0 0 0 0 0 0 0 0 0 0 0 0 0 0 0 0 0 0 0 0 0 0 0 0 0 0 0 0 0 0 0 0 0 0 0 0 0 0 0 0 0 0 0 0 0 0 0 0 0 0 0 0 0 0 0 0 0 0 0 0 0 0 0 0 0 0 0 0 0 0 0 0 0 0 0 0 0 0 0 0 0 0 0 0 0 0 0 0 0 0 0 0 0 0 0 0 0 0 0 0 0 0 0 0 0 0 0 0 0 0 0 0 0 0 0 0 0 0 0 0 0 0 0 0 0 0 0 0 0 0 0 0 0 0 0 0 0 0 0 0 0 0 0 0 0 0 0 0 0 0 0 0 0 0 0 0 0 0 0 0 0 0 0 0 0 0 0 0 0 0 0 0 0 0 0 0 0 0 0 0 0 0 0 0 0 0 0 0 0 0 0 0 0 0 0 0 0 0 0 0 0 0 0 0 0 0 0 0 0 0 0 0 0 0 0 0 0 0 0 0 0 0 0 0 0 0 0 0 0 0 0 0 0 0 0 0 0 0 0 0 0 0 0 0 0 0 0 0 0 0 0 0 0 0 0 0 0 0 0 0 0 0 0 0 0 0 0 0 0 0 0 0 0 0 0 0 0 0 0 0 0 0 0 0 0 0 0 0 0 0 0 0 0 0 0 0 0 0 0 0 0 0 0 0 0 0 0 0 0 0 0 0 0 0 0 0 0 0 0 0 0 0 0 0 0 0 0 0 0 0 0 0 0 0 0 0 0 0 0 0 0 0 0 0 0 0 0 0 0 0 0 0 0 0 0 0 0 0 0 0 0 0 0 0 0 0 0 0 0 0 0 0 0 0 0 0 0 0 0 0 0 0 0 0 0 0 0 0 0 0 0 0 0 0 0 0 0 0 0 0 0 0 0 0 0 0 0 0 0 0 0 0 0 0 0 0 0 0 0 0 0 0 0 0 0 0 0 0 0 0 0 0 0 0 0 0 0 0 0 0 0 0 0 0 0 0 0 0 0 0 0 0 0 0 0 0 0 0 0 0 0 0 0 0 0 0 0 0 0 0 0 0 0 0 0 0 0 0 0 0 0 0 0 0 0 0 0 0 0 0 0 0 0 0 0 0 0 0 0 0 0 0 0 0 0 0 0 0 0 0 0 0 0 0 0 0 0 0 0 0 0 0 0 0 0 0 0 0 0 0 0 0 0 0 0 0 0 0 0 0 0 0 0 0 0 0 0 0 0 0 0 0 0 0 0 0 0 0 0 0 0 0 0 0 0 0 0 0 0 0 0 0 0 0 0 0 0 0 0 0 0 0 0 0 0 0 0 0 0 0 0 0 0 0 0 0 0 0 0 0 0 0 0 0 0 0 0 0 0  
					<BoneWeights>: 156 1 0 0 0 1 0 0 0 1 0 0 0 1 0 0 0 1 0 0 0 1 0 0 0 1 0 0 0 1 0 0 0 1 0 0 0 1 0 0 0 1 0 0 0 1 0 0 0 1 0 0 0 1 0 0 0 1 0 0 0 1 0 0 0 1 0 0 0 1 0 0 0 1 0 0 0 1 0 0 0 1 0 0 0 1 0 0 0 1 0 0 0 1 0 0 0 1 0 0 0 1 0 0 0 1 0 0 0 1 0 0 0 1 0 0 0 1 0 0 0 1 0 0 0 1 0 0 0 1 0 0 0 1 0 0 0 1 0 0 0 1 0 0 0 1 0 0 0 1 0 0 0 1 0 0 0 1 0 0 0 1 0 0 0 1 0 0 0 1 0 0 0 1 0 0 0 1 0 0 0 1 0 0 0 1 0 0 0 1 0 0 0 1 0 0 0 1 0 0 0 1 0 0 0 1 0 0 0 1 0 0 0 1 0 0 0 1 0 0 0 1 0 0 0 1 0 0 0 1 0 0 0 1 0 0 0 1 0 0 0 1 0 0 0 1 0 0 0 1 0 0 0 1 0 0 0 1 0 0 0 1 0 0 0 1 0 0 0 1 0 0 0 1 0 0 0 1 0 0 0 1 0 0 0 1 0 0 0 1 0 0 0 1 0 0 0 1 0 0 0 1 0 0 0 1 0 0 0 1 0 0 0 1 0 0 0 1 0 0 0 1 0 0 0 1 0 0 0 1 0 0 0 1 0 0 0 1 0 0 0 1 0 0 0 1 0 0 0 1 0 0 0 1 0 0 0 1 0 0 0 1 0 0 0 1 0 0 0 1 0 0 0 1 0 0 0 1 0 0 0 1 0 0 0 1 0 0 0 1 0 0 0 1 0 0 0 1 0 0 0 1 0 0 0 1 0 0 0 1 0 0 0 1 0 0 0 1 0 0 0 1 0 0 0 1 0 0 0 1 0 0 0 1 0 0 0 1 0 0 0 1 0 0 0 1 0 0 0 1 0 0 0 1 0 0 0 1 0 0 0 1 0 0 0 1 0 0 0 1 0 0 0 1 0 0 0 1 0 0 0 1 0 0 0 1 0 0 0 1 0 0 0 1 0 0 0 1 0 0 0 1 0 0 0 1 0 0 0 1 0 0 0 1 0 0 0 1 0 0 0 1 0 0 0 1 0 0 0 1 0 0 0 1 0 0 0 1 0 0 0 1 0 0 0 1 0 0 0 1 0 0 0 1 0 0 0 1 0 0 0 1 0 0 0 1 0 0 0 1 0 0 0 1 0 0 0 1 0 0 0 1 0 0 0 1 0 0 0 1 0 0 0 1 0 0 0 1 0 0 0 1 0 0 0 1 0 0 0 1 0 0 0 1 0 0 0 1 0 0 0 1 0 0 0  
				</SkinningInfo>
				<Mesh>: 156 Bullet1
					<Bounds>: 0 1.117587E-08 0.3316051 0.06070877 0.05257534 0.3316051
					<Positions>: 156 -0.02732539 0.04732897 0 -0.05465078 -3.177517E-10 0 -0.05503904 3.24795E-10 0.005673428 -0.02751952 0.04766521 0.005673428 0.02732539 0.04732896 0 0.02751952 0.0476652 0.005673428 0.05465078 -5.095474E-09 0 0.05503904 -4.48687E-09 0.005673428 0.02732539 -0.04732897 0 0.02751951 -0.0476652 0.005673428 -0.02732539 -0.04732897 0 -0.02751951 -0.0476652 0.005673428 -0.05465078 -3.177517E-10 0 -0.05503904 3.24795E-10 0.005673428 -0.06070877 6.099081E-09 0.376118 -0.04677557 5.280577E-09 0.3958071 -0.02338779 0.04050885 0.3958071 -0.03035438 0.05257535 0.376118 0.02338779 0.04050884 0.3958071 0.03035439 0.05257535 0.376118 0.04677557 1.191322E-09 0.3958071 0.06070877 7.917502E-10 0.376118 0.02338778 -0.04050884 0.3958071 0.03035438 -0.05257533 0.376118 -0.02338778 -0.04050884 0.3958071 -0.03035438 -0.05257533 0.376118 -0.04677557 5.280577E-09 0.3958071 -0.06070877 6.099081E-09 0.376118 -0.04677557 5.280577E-09 0.3958071 -0.04677557 4.582747E-09 0.4621504 -0.02338779 0.04050885 0.4621504 -0.02338779 0.04050885 0.3958071 0.02338779 0.04050884 0.4621504 0.02338779 0.04050884 0.3958071 0.04677557 4.934919E-10 0.4621504 0.04677557 1.191322E-09 0.3958071 0.02338778 -0.04050884 0.4621504 0.02338778 -0.04050884 0.3958071 -0.02338778 -0.04050884 0.4621504 -0.02338778 -0.04050884 0.3958071 -0.04677557 4.582747E-09 0.4621504 -0.04677557 5.280577E-09 0.3958071 -0.01991907 -0.03450085 0.4660105 -0.03983816 4.368464E-09 0.5468439 -0.03983816 4.592893E-09 0.4660105 -0.01991907 -0.03450085 0.5468439 0.01991908 -0.03450085 0.4660105 -0.0314563 3.729856E-09 0.5938392 0.01991908 -0.03450085 0.5468439 0.03983816 1.110126E-09 0.4660105 -0.01572815 -0.02724195 0.5938392 -0.0182828 2.976418E-09 0.6327868 0.03983816 8.85697E-10 0.5468439 0.01991908 0.03450086 0.4660105 0.01572815 -0.02724195 0.5938392 -0.0091414 -0.01583338 0.6327868 -0.003533103 1.238657E-09 0.6632102 -0.00176655 -0.003059757 0.6632102 0.0091414 -0.01583338 0.6327868 0.001766553 -0.003059757 0.6632102 0.01991908 0.03450086 0.5468439 -0.01991908 0.03450086 0.4660105 0.0314563 9.798576E-10 0.5938392 0.01828281 1.378083E-09 0.6327868 0.003533105 9.297834E-10 0.6632102 -0.01991908 0.03450086 0.5468439 -0.03983816 4.592893E-09 0.4660105 -0.03983816 4.368464E-09 0.5468439 0.01572815 0.02724196 0.5938392 0.009141404 0.01583337 0.6327868 0.001766553 0.003059758 0.6632102 -0.01572815 0.02724196 0.5938392 -0.0314563 3.729856E-09 0.5938392 -0.0091414 0.01583337 0.6327868 -0.001766551 0.003059759 0.6632102 -0.0182828 2.976418E-09 0.6327868 -0.003533103 1.238657E-09 0.6632102 -0.001766551 0.003059759 0.6632102 -0.003533103 1.238657E-09 0.6632102 -0.00176655 -0.003059757 0.6632102 0.001766553 0.003059758 0.6632102 0.001766553 -0.003059757 0.6632102 0.003533105 9.297834E-10 0.6632102 -0.03035438 0.05257535 0.376118 -0.05465078 1.865754E-09 0.01722738 -0.06070877 6.099081E-09 0.376118 -0.02732539 0.04732898 0.01722738 0.03035439 0.05257535 0.376118 0.02732539 0.04732897 0.01722738 0.06070877 7.917502E-10 0.376118 0.05465078 -2.91197E-09 0.01722738 0.03035438 -0.05257533 0.376118 0.02732539 -0.04732896 0.01722738 -0.03035438 -0.05257533 0.376118 -0.02732539 -0.04732896 0.01722738 -0.06070877 6.099081E-09 0.376118 -0.05465078 1.865754E-09 0.01722738 -0.02732539 0.04732898 0.01722738 -0.04847743 9.085899E-10 0.0125153 -0.05465078 1.865754E-09 0.01722738 -0.02423871 0.04198268 0.0125153 0.02732539 0.04732897 0.01722738 0.02423872 0.04198268 0.0125153 0.05465078 -2.91197E-09 0.01722738 0.04847743 -3.329442E-09 0.0125153 0.02732539 -0.04732896 0.01722738 0.02423871 -0.04198268 0.0125153 -0.02732539 -0.04732896 0.01722738 -0.02423871 -0.04198268 0.0125153 -0.05465078 1.865754E-09 0.01722738 -0.04847743 9.085899E-10 0.0125153 -0.02423871 0.04198268 0.0125153 -0.04821208 6.85803E-10 0.007591419 -0.04847743 9.085899E-10 0.0125153 -0.02410604 0.04175289 0.007591419 0.02423872 0.04198268 0.0125153 0.02410604 0.04175288 0.007591419 0.04847743 -3.329442E-09 0.0125153 0.04821208 -3.529031E-09 0.007591419 0.02423871 -0.04198268 0.0125153 0.02410604 -0.04175289 0.007591419 -0.02423871 -0.04198268 0.0125153 -0.02410604 -0.04175289 0.007591419 -0.04847743 9.085899E-10 0.0125153 -0.04821208 6.85803E-10 0.007591419 -0.02732539 -0.04732897 0 -5.467513E-11 -3.177517E-10 0 0.02732539 -0.04732897 0 -0.05465078 -3.177517E-10 0 0.05465078 -5.095474E-09 0 -0.02732539 0.04732897 0 0.02732539 0.04732896 0 -0.02410604 -0.04175289 0.007591419 -0.02751951 -0.0476652 0.005673428 0.02751951 -0.0476652 0.005673428 0.02410604 -0.04175289 0.007591419 -0.04821208 6.85803E-10 0.007591419 0.05503904 -4.48687E-09 0.005673428 -0.05503904 3.24795E-10 0.005673428 0.04821208 -3.529031E-09 0.007591419 -0.02410604 0.04175289 0.007591419 0.02751952 0.0476652 0.005673428 -0.02751952 0.04766521 0.005673428 0.02410604 0.04175288 0.007591419 0.02338778 -0.04050884 0.4621504 -0.01991907 -0.03450085 0.4660105 -0.02338778 -0.04050884 0.4621504 0.01991908 -0.03450085 0.4660105 -0.03983816 4.592893E-09 0.4660105 0.04677557 4.934919E-10 0.4621504 -0.04677557 4.582747E-09 0.4621504 0.03983816 1.110126E-09 0.4660105 -0.01991908 0.03450086 0.4660105 0.02338779 0.04050884 0.4621504 -0.02338779 0.04050885 0.4621504 0.01991908 0.03450086 0.4660105  
					<Colors>: 0  
					<TextureCoords0>: 156 0.5302953 0.9824257 0.6327739 0.9834973 0.6330262 0.9941388 0.5301819 0.9930637 0.4276351 0.9813088 0.4275215 0.9919468 0.3249726 0.9802353 0.3248615 0.9908733 0.2223122 0.9791614 0.2221988 0.9897995 0.119651 0.9780461 0.1195377 0.9886841 0.01717002 0.9769744 0.01669532 0.9876087 0.6269063 0.6988543 0.6022103 0.7441957 0.5111097 0.7315277 0.5190917 0.6885453 0.4141577 0.7252867 0.4172819 0.6831866 0.3163887 0.7221917 0.3171758 0.6801475 0.2185735 0.7216249 0.2170272 0.6794373 0.1214568 0.7242328 0.1150889 0.6809821 0.02994617 0.7334831 0.006964232 0.687249 0.6022103 0.7441957 0.5821796 0.8672778 0.4950701 0.8554116 0.5111097 0.7315277 0.4056387 0.8487657 0.4141577 0.7252867 0.3140752 0.8457831 0.3163887 0.7221917 0.222465 0.8453358 0.2185735 0.7216249 0.1328489 0.8486302 0.1214568 0.7242328 0.04535706 0.8572284 0.02994617 0.7334831 0.5902362 0.8856091 0.7302719 0.9942676 0.5767499 0.9617331 0.7366908 0.9220318 0.6080493 0.8053209 0.8306773 0.9878249 0.7495357 0.8532968 0.6379024 0.7255297 0.8252988 0.9309636 0.9114657 0.9572517 0.7728968 0.7888523 0.6801733 0.6515638 0.8324825 0.8762167 0.9025998 0.9245911 0.965733 0.9180827 0.9646797 0.9098836 0.9059085 0.8899723 0.9680284 0.8974618 0.8075175 0.7296891 0.7305233 0.5865379 0.8503588 0.8251875 0.9175129 0.8566879 0.9739061 0.8831406 0.8521598 0.675869 0.7804369 0.5275012 0.9036023 0.6247522 0.87817 0.7788182 0.9356889 0.8264854 0.981161 0.869465 0.9156756 0.7382943 0.9628379 0.7060784 0.9601943 0.8018093 0.9885725 0.8589488 0.9909772 0.7877467 0.9955508 0.8545167 0.7473477 0.410066 0.7486935 0.4165407 0.7437592 0.4209442 0.7410681 0.4079946 0.7374798 0.418873 0.7361336 0.4123982 0.5190917 0.6885453 0.641414 0.02245897 0.6269063 0.6988543 0.5384557 0.0179466 0.4172819 0.6831866 0.4343878 0.01239103 0.3171758 0.6801475 0.3297357 0.009200513 0.2170272 0.6794373 0.225038 0.008471191 0.1150889 0.6809821 0.1208356 0.01012808 0.006964232 0.687249 0.01778115 0.01078451 0.7358944 0.2558236 0.8272254 0.2893773 0.8260437 0.3038673 0.7470688 0.2465293 0.705097 0.1588391 0.7195963 0.1594418 0.7436179 0.06505585 0.7545114 0.07461596 0.8316039 0.01468885 0.8340932 0.02898461 0.9317808 0.03248715 0.9240443 0.04479134 0.9913683 0.1154535 0.9771634 0.1185493 0.1119305 0.8982559 0.02173368 0.9100021 0.02122827 0.9007853 0.1119597 0.9074868 0.2025304 0.9002092 0.2023164 0.9094346 0.2930072 0.902457 0.2927826 0.9116818 0.3834732 0.9046168 0.3832638 0.9138417 0.4740631 0.9065676 0.4736306 0.9157882 0.564567 0.9131137 0.5636538 0.9222994 0.9397945 0.09416908 0.8634623 0.1622821 0.8426403 0.06211996 0.9606168 0.1943312 0.7663083 0.1302332 0.8842844 0.2624446 0.78713 0.2303956 0.7615234 0.5024433 0.7643623 0.5154037 0.6661685 0.483012 0.676162 0.4742848 0.8273546 0.4409736 0.6472206 0.3815516 0.8399607 0.4451322 0.6598268 0.3857101 0.8110193 0.3523986 0.722819 0.3112798 0.8210129 0.3436714 0.7256581 0.32424 0.7630619 0.4993693 0.8150158 0.4358256 0.8290921 0.4404731 0.7600485 0.4848552 0.8000467 0.3637062 0.6790442 0.4716269 0.8111104 0.35384 0.6901079 0.4617608 0.730106 0.3406119 0.6610625 0.3849937 0.7270925 0.3260978 0.6751387 0.389641  
					<TextureCoords1>: 0  
					<Normals>: 156 -0.4988334 0.8640046 -0.06827468 -0.9976666 0 -0.06827434 -0.9976666 0 -0.06827433 -0.4988332 0.8640046 -0.06827468 0.4988335 0.8640044 -0.06827454 0.4988331 0.8640046 -0.06827455 0.9976666 -1.285757E-07 -0.06827421 0.9976666 0 -0.06827421 0.4988332 -0.8640047 -0.06827405 0.4988332 -0.8640046 -0.06827403 -0.4988332 -0.8640047 -0.06827404 -0.4988333 -0.8640046 -0.06827404 -0.9976666 0 -0.06827434 -0.9976666 0 -0.06827433 -0.8162835 0 0.5776514 -0.8162835 0 0.5776514 -0.4081417 0.7069222 0.5776515 -0.4081417 0.7069222 0.5776516 0.4081419 0.7069221 0.5776516 0.4081417 0.7069222 0.5776516 0.8162835 -1.590921E-07 0.5776514 0.8162835 0 0.5776514 0.4081418 -0.7069224 0.5776513 0.4081418 -0.7069224 0.5776513 -0.4081419 -0.7069224 0.5776513 -0.4081419 -0.7069224 0.5776513 -0.8162835 0 0.5776514 -0.8162835 0 0.5776514 -1 0 0 -1 0 0 -0.5 0.8660254 0 -0.5 0.8660254 0 0.5000001 0.8660253 0 0.5000001 0.8660253 0 1 0 0 1 0 0 0.5 -0.8660254 0 0.5 -0.8660254 0 -0.5000001 -0.8660254 0 -0.5000001 -0.8660254 0 -1 0 0 -1 0 0 -0.4999999 -0.8660254 0 -0.9963151 0 0.08576826 -1 0 0 -0.4981575 -0.8628342 0.08576824 0.5 -0.8660254 0 -0.969994 0 0.2431288 0.4981575 -0.8628342 0.08576824 1 -1.314471E-07 0 -0.4849969 -0.8400394 0.2431287 -0.9281459 0 0.3722164 0.9963151 -1.355038E-07 0.08576826 0.5000001 0.8660253 0 0.4849969 -0.8400394 0.2431287 -0.4640731 -0.8037979 0.3722164 -0.8998259 0 0.4362491 -0.4499131 -0.779272 0.4362492 0.4640729 -0.803798 0.3722164 0.4499129 -0.7792721 0.4362492 0.4981576 0.8628342 0.08576827 -0.5 0.8660254 0 0.969994 -1.003979E-07 0.2431287 0.9281459 0 0.3722164 0.8998259 0 0.4362492 -0.4981576 0.8628342 0.08576827 -1 0 0 -0.9963151 0 0.08576826 0.4849971 0.8400394 0.2431288 0.464073 0.8037979 0.3722164 0.449913 0.7792721 0.4362491 -0.4849969 0.8400394 0.2431288 -0.969994 0 0.2431288 -0.4640729 0.803798 0.3722165 -0.4499129 0.7792722 0.4362491 -0.9281459 0 0.3722164 -0.8998259 0 0.4362491 0 0 1 0 0 1 0 0 1 0 0 1 0 0 1 0 0 1 -0.4999287 0.8659021 -0.01687737 -0.9998575 0 -0.01687736 -0.9998575 0 -0.01687736 -0.4999287 0.8659021 -0.01687737 0.4999289 0.8659019 -0.01687738 0.4999289 0.8659019 -0.01687738 0.9998575 -1.321523E-07 -0.01687736 0.9998575 -1.3074E-07 -0.01687736 0.4999287 -0.8659021 -0.01687734 0.4999287 -0.8659021 -0.01687735 -0.4999287 -0.8659021 -0.01687734 -0.4999287 -0.8659021 -0.01687735 -0.9998575 0 -0.01687736 -0.9998575 0 -0.01687736 -0.3033706 0.5254536 -0.7948993 -0.6067417 -1.27618E-07 -0.794899 -0.6067418 0 -0.794899 -0.3033708 0.5254534 -0.7948993 0.3033709 0.5254537 -0.7948992 0.3033711 0.5254535 -0.7948992 0.606742 0 -0.7948989 0.606742 0 -0.7948989 0.3033711 -0.525454 -0.7948989 0.3033709 -0.525454 -0.7948989 -0.3033711 -0.5254539 -0.7948989 -0.3033709 -0.525454 -0.7948989 -0.6067418 0 -0.794899 -0.6067417 -1.27618E-07 -0.794899 -0.4992753 0.8647707 -0.05381212 -0.9985511 0 -0.05381186 -0.9985511 0 -0.05381186 -0.4992755 0.8647705 -0.05381212 0.4992755 0.8647705 -0.05381246 0.4992756 0.8647705 -0.05381246 0.9985511 0 -0.05381221 0.9985511 0 -0.05381221 0.4992753 -0.8647707 -0.05381181 0.4992756 -0.8647705 -0.05381181 -0.4992753 -0.8647707 -0.05381181 -0.4992756 -0.8647705 -0.05381181 -0.9985511 0 -0.05381186 -0.9985511 0 -0.05381186 0 0 -1 0 0 -1 0 0 -1 0 0 -1 0 0 -1 0 0 -1 0 0 -1 -0.1352363 -0.234236 0.9627278 -0.1352362 -0.2342361 0.9627278 0.1352362 -0.2342361 0.9627278 0.1352362 -0.234236 0.9627278 -0.2704725 0 0.9627278 0.2704725 0 0.9627277 -0.2704725 0 0.9627278 0.2704725 0 0.9627277 -0.1352362 0.2342359 0.9627278 0.1352362 0.234236 0.9627278 -0.1352361 0.234236 0.9627278 0.1352363 0.2342359 0.9627278 0.2431124 -0.4210831 0.8738337 -0.2431124 -0.4210829 0.8738338 -0.2431125 -0.421083 0.8738338 0.2431125 -0.421083 0.8738337 -0.4862249 0 0.8738337 0.4862249 0 0.8738337 -0.4862249 0 0.8738337 0.486225 0 0.8738337 -0.2431124 0.421083 0.8738338 0.2431125 0.421083 0.8738337 -0.2431124 0.421083 0.8738338 0.2431125 0.4210831 0.8738337  
					<Tangents>: 156 -0.8655401 -0.5006894 -0.01226932 -0.00186731 -0.9996259 0.02728773 -0.00186759 -0.9996258 0.02729081 -0.8655403 -0.500689 -0.01226478 -0.8663808 0.4992318 -0.01232069 -0.8663809 0.499232 -0.01231397 0 0.9999275 -0.01204013 0 0.9999276 -0.01203297 0.8655418 0.5006873 -0.01223396 0.865542 0.500687 -0.01222755 0.8663805 -0.4992328 -0.01230114 0.8663804 -0.4992332 -0.01229628 0.003510643 -0.9986772 -0.05129836 0.003510338 -0.9986773 -0.05129488 -0.2316739 -0.9160509 -0.3273803 -0.2405594 -0.9091613 -0.3399364 -0.892769 -0.4412782 -0.09075876 -0.8896013 -0.4500695 -0.07776177 -0.8482769 0.527531 -0.04623191 -0.8504242 0.5244973 -0.04100266 0.01361884 0.9997221 -0.01924455 0.01257446 0.9997631 -0.01776893 0.862129 0.5065737 0.010798 0.8630775 0.5050047 0.008207554 0.88384 -0.4644078 0.05614428 0.8808036 -0.4712821 0.04558632 0.2203933 -0.924355 0.3114393 0.2125389 -0.929851 0.3003404 0 -0.986089 -0.1662179 0 -0.9872945 -0.1589013 -0.8597159 -0.4963572 -0.1204909 -0.8595178 -0.4962429 -0.1223607 -0.8642536 0.4989771 -0.06393415 -0.8643263 0.4990191 -0.0626096 0 0.999742 -0.02271266 0 0.9997186 -0.02372221 0.8658764 0.4999138 0.01855306 0.8659277 0.4999435 0.01502454 0.8634901 -0.4985363 0.07646111 0.8634937 -0.4985383 0.07640794 0 -0.9932917 0.1156356 0 -0.9925891 0.1215186 0.1907471 -0.1101279 0.9754422 0.08557837 -0.06650641 0.9941093 0 -0.1971846 0.9803664 0.1725847 -0.001730627 0.9849932 0.2440897 0.1409252 0.9594583 0.2383095 0.1981194 0.9507667 0.1784503 0.1988183 0.9636529 0 0.3320338 0.9432675 0.1336444 0.2035538 0.9698995 0.3344631 0.4388273 0.8340055 -0.0791034 0.3864922 0.9188942 -0.363393 0.2098051 0.9077045 0.06751461 0.3131522 0.9473 0.06866919 0.3862948 0.9198157 0.3686247 0.5347875 0.7603409 0.0160369 0.4813529 0.8763801 -0.06516548 0.3880863 0.9193162 -0.2512594 0.3583 0.8991606 -0.492491 0.2001465 0.8469912 -0.4466994 -0.257902 0.8567066 -0.2237015 0.3916952 0.8924867 -0.3475159 0.3582141 0.8665537 -0.4300019 0.1686298 0.8869399 -0.5060216 -0.3696174 0.7793107 0 -0.5657212 0.8245966 0.0602032 -0.7122475 0.6993419 -0.5882738 0.1076769 0.8014609 -0.6501157 0.02365663 0.7594668 -0.5816301 -0.1150058 0.8052826 -0.5545207 -0.5103854 0.6572775 0.1097732 -0.89227 0.4379543 -0.5778363 -0.5931934 0.5605593 -0.4466984 -0.6193485 0.6456532 0.1003901 -0.9629418 0.2503293 0.1405714 -0.9466624 0.2899485 -0.9496838 0.3132105 0 -0.9496877 0.3131985 0 -0.9496869 0.3132008 0 -0.9496856 0.3132046 0 -0.9496888 0.313195 0 -0.9496889 0.3131948 0 -0.862817 -0.4996448 -0.07682366 0 -0.9989384 -0.04606751 0.001584657 -0.9955824 -0.09387911 -0.8641695 -0.5000281 -0.05641572 -0.8655857 0.4989074 -0.04304247 -0.8653949 0.4986792 -0.04909904 0 0.9998133 -0.01932722 0 0.9997551 -0.02213266 0.8660541 0.4999312 0.004371963 0.866058 0.4999157 0.00528479 0.8651161 -0.5001979 0.03709626 0.8658439 -0.5001472 0.01293038 0 -0.9985721 0.05342079 0 -0.9999961 0.002813359 -0.2188574 -0.8503352 -0.4785723 0.06704659 -0.9964366 -0.05117618 0.06742553 -0.996396 -0.05146546 -0.2216998 -0.8502431 -0.4774264 -0.360143 -0.7091061 -0.6061893 -0.3678309 -0.7049745 -0.6063921 -0.6193605 -0.626814 -0.4727544 -0.6224573 -0.6219402 -0.4751182 -0.9241024 -0.3656832 -0.1109527 -0.9238564 -0.3664946 -0.1103223 -0.9405053 0.03115402 0.3383475 -0.9403881 0.03050393 0.3387323 -0.7785645 0.2016829 0.5942739 -0.7786921 0.2009018 0.5943712 0.8661183 0.4998256 -0.003658541 0.003399624 0.9980026 -0.06308221 0.003399533 0.9980025 -0.06308241 0.8661181 0.499826 -0.00365653 0.8664352 -0.4985749 0.02670339 0.8664352 -0.4985747 0.02670953 0.001511669 -0.9996054 0.02805045 0.001512095 -0.9996051 0.02805902 -0.8650213 -0.5010505 0.02620346 -0.8650207 -0.5010511 0.02621169 -0.866214 0.4967506 0.05396441 -0.8662137 0.4967506 0.05396886 -0.006135745 0.9934782 0.1138566 -0.006135858 0.9934781 0.113858 -0.9496625 -0.3132749 0 -0.949663 -0.3132735 0 -0.9496628 -0.3132739 0 -0.9496628 -0.3132741 0 -0.9496633 -0.3132722 0 -0.9496631 -0.3132732 0 -0.9496633 -0.3132724 0 -0.9488865 0.3102799 -0.05779943 -0.9487052 0.3108651 -0.05763155 -0.9329084 0.2971995 0.2033575 -0.9327371 0.2976744 0.2034489 -0.9152166 0.3102669 -0.2571245 -0.9155822 0.309101 0.2572273 -0.9155808 0.3091053 -0.2572268 -0.9152179 0.310263 0.2571249 -0.9327365 0.2976759 -0.2034492 -0.9487063 0.3108615 0.05763258 -0.932908 0.2972009 -0.2033577 -0.9488874 0.3102768 0.05780043 -0.7568067 -0.6458409 -0.100664 -0.6885018 -0.5596627 -0.4612407 -0.6847336 -0.5635796 -0.4620799 -0.7544123 -0.648343 -0.1025357 -0.656405 -0.6600994 -0.3652416 -0.6550968 -0.6617991 0.3645137 -0.6530434 -0.6644513 -0.3633712 -0.6576028 -0.6585361 0.3659081 -0.7571374 -0.6454936 0.1004045 -0.6847304 -0.563583 0.4620807 -0.7583027 -0.6442661 0.09948883 -0.6884969 -0.5596676 0.461242  
					<BiTangents>: 156 0.04478516 -0.05297413 -0.9975911 0.06824879 -0.02735154 -0.9972933 0.06824879 -0.02735464 -0.9972933 0.04478121 -0.05297642 -0.9975912 -0.02343969 -0.06529772 -0.9975905 -0.02344552 -0.06529438 -0.9975906 -0.06826928 -0.01201204 -0.9975946 -0.0682693 -0.0120049 -0.9975947 -0.04475415 0.05299134 -0.9975916 -0.04474858 0.05299454 -0.9975917 0.0234564 0.06528752 -0.9975908 0.02346062 0.06528509 -0.9975908 0.06818403 0.05141835 -0.9963469 0.06818403 0.05141485 -0.9963471 -0.5291581 0.401062 -0.7477573 -0.5251784 0.416444 -0.7421335 -0.1907456 0.5527518 -0.8112223 -0.2050119 0.5456175 -0.812571 0.3374115 0.4711393 -0.8149732 0.3319624 0.474514 -0.815253 0.5774909 -0.02357595 -0.8160567 0.5775146 -0.02176814 -0.8160901 0.3002563 -0.4936028 -0.8162122 0.2975187 -0.495208 -0.8162424 -0.2285761 -0.5334662 -0.8143506 -0.2400107 -0.5274031 -0.8150098 -0.533955 -0.3815333 -0.7545359 -0.5371298 -0.3679363 -0.7590221 0 0.1662179 -0.9860891 0 0.1589013 -0.9872945 0.1043482 0.06024543 -0.9927145 0.1059675 0.06118035 -0.9924857 0.0553686 -0.03196708 -0.9979541 0.0542215 -0.03130481 -0.9980381 0 -0.02271266 -0.999742 0 -0.02372221 -0.9997186 0.01606742 0.00927653 -0.9998279 0.01301164 0.00751227 -0.9998871 0.06621727 -0.03823056 -0.9970726 0.06617122 -0.03820397 -0.9970767 0 -0.1156356 -0.9932917 0 -0.1215186 -0.9925892 0.8447577 -0.487721 -0.2202558 -0.005704139 -0.997786 -0.06626134 0 -0.9803664 -0.1971846 0.8497374 -0.505484 -0.1497741 0.8309153 0.4797291 -0.2818505 0.04816853 -0.9801779 0.1921746 0.848525 0.4647456 -0.2530159 1.239897E-07 0.9432675 -0.3320338 0.8642437 -0.5028911 -0.01354359 0.1633387 -0.8985714 0.4072958 0.03314889 0.9222927 -0.385068 -0.7860951 0.4538523 -0.4196101 0.8719058 0.443023 -0.2085928 0.8831312 -0.4524215 0.1240729 0.2333006 -0.8449866 0.4812157 0.8929284 -0.401291 0.2040699 0.8833967 0.4508855 -0.1277205 0.8569989 0.5141557 0.03459567 -0.7136467 0.4641752 -0.5246426 -0.7419297 -0.4283533 -0.5158041 0.09523244 0.920095 -0.3799419 0.1333332 0.9336395 -0.332475 0.0735646 0.9856794 -0.1517374 -0.7041174 -0.3448189 -0.6207404 0 -0.8245966 -0.5657212 -0.06108823 -0.7019284 -0.709623 -0.6470794 0.5317325 -0.5463961 -0.6016525 0.5944318 -0.5335401 -0.6777055 0.6160427 -0.4015055 -0.6762284 -0.1839576 -0.7133546 -0.2169365 -0.4515021 -0.8654966 -0.6713728 -0.04506023 -0.7397487 -0.7733298 -0.09561591 -0.6267525 -0.3584228 -0.2697091 -0.8937506 -0.4129806 -0.3222273 -0.8518313 0.3132105 0.9496838 0 0.3131985 0.9496877 0 0.3132008 0.9496869 0 0.3132046 0.9496857 0 0.313195 0.9496889 0 0.3131948 0.9496889 0 0.07495447 0.02384427 -0.9969019 0.01685944 0.04606095 -0.9987963 0.0168028 0.09389247 -0.9954405 0.05728966 0.01361893 -0.9982647 0.02885032 -0.036127 -0.9989307 0.03409856 -0.03915163 -0.9986513 -0.01687421 -0.01932446 -0.9996709 -0.01687323 -0.0221295 -0.9996127 -0.004651819 0.01680236 -0.9998481 -0.00386114 0.01725878 -0.9998437 0.04056374 -0.003944624 -0.9991691 0.0196376 0.00814888 -0.999774 0.01685327 -0.0534132 -0.9984303 0.01687729 -0.002812958 -0.9998536 0.9273984 -0.02878478 -0.3729661 0.7920665 0.08434599 -0.6045797 0.7920342 0.08482274 -0.6045551 0.9267229 -0.0313918 -0.3744319 0.8821922 -0.4701775 0.02588371 0.8790145 -0.4763503 0.02059086 0.4982537 -0.7791688 0.3803143 0.4943796 -0.7830648 0.3773572 0.2323806 -0.7682277 0.596511 0.2333568 -0.767841 0.5966279 0.1530217 -0.8502515 0.5036435 0.1537407 -0.850275 0.5033848 -0.1603175 -0.9794508 0.1223694 -0.1596966 -0.9796114 0.1218956 -0.02373288 0.04843429 0.9985444 -0.05370438 0.06317375 0.9965566 -0.05370438 0.06317395 0.9965565 -0.02373464 0.04843327 0.9985444 0.003737238 0.05995737 0.9981939 0.003731918 0.05996043 0.9981938 0.05379097 0.02809115 0.998157 0.05379096 0.02809973 0.9981568 0.04962243 -0.03346562 0.9982072 0.04962956 -0.03346147 0.998207 0.0199358 -0.07355565 0.9970918 0.01993963 -0.07355786 0.9970916 -0.05346091 -0.1140218 0.9920388 -0.0534609 -0.1140232 0.9920386 0.3132749 -0.9496625 0 0.3132734 -0.9496629 0 0.3132739 -0.9496628 0 0.3132741 -0.9496628 0 0.3132722 -0.9496633 0 0.3132732 -0.9496631 0 0.3132724 -0.9496633 0 0.2851764 0.9213359 0.2642245 0.2857791 0.9211386 0.2642612 0.3337559 0.9256381 0.1783286 0.3342344 0.9254856 0.1782243 0.2987025 0.9506496 0.08391865 0.2975801 0.9510292 -0.08360333 0.2975843 0.9510278 0.08360448 0.2986988 0.9506508 -0.0839176 0.334236 0.9254851 -0.1782238 0.2857754 0.9211399 -0.2642608 0.3337573 0.9256377 -0.1783283 0.2851731 0.921337 -0.2642241 -0.6067455 0.6368506 0.4756904 -0.6832728 0.7137695 0.1538554 -0.6870489 0.7106808 0.1513164 -0.60972 0.6343032 0.4752905 -0.576817 0.7511783 -0.3209568 -0.5783023 0.7496812 0.3217832 -0.5806199 0.7473316 -0.3230728 -0.575451 0.7525491 0.3201967 -0.6063327 0.6372026 -0.4757452 -0.6870521 0.7106781 -0.1513143 -0.6048746 0.6384436 -0.4759375 -0.6832776 0.7137656 -0.1538522  
					<SubMeshes>: 1
						<SubMesh>: 0 462 0 1 2 0 2 3 4 0 3 4 3 5 6 4 5 6 5 7 8 6 7 8 7 9 10 8 9 10 9 11 12 10 11 12 11 13 14 15 16 14 16 17 17 16 18 17 18 19 19 18 20 19 20 21 21 20 22 21 22 23 23 22 24 23 24 25 25 24 26 25 26 27 28 29 30 28 30 31 31 30 32 31 32 33 33 32 34 33 34 35 35 34 36 35 36 37 37 36 38 37 38 39 39 38 40 39 40 41 42 43 44 42 45 43 46 45 42 45 47 43 46 48 45 49 48 46 45 50 47 48 50 45 50 51 47 49 52 48 53 52 49 48 54 50 52 54 48 50 55 51 54 55 50 55 56 51 55 57 56 58 57 55 54 58 55 58 59 57 53 60 52 61 60 53 52 62 54 62 58 54 60 62 52 63 59 58 62 63 58 63 64 59 61 65 60 66 65 61 66 67 65 60 68 62 68 63 62 65 68 60 69 64 63 68 69 63 69 70 64 67 71 65 65 71 68 71 69 68 67 72 71 73 70 69 71 73 69 72 73 71 73 74 70 72 75 73 75 74 73 75 76 74 77 78 79 80 77 79 80 79 81 80 81 82 83 84 85 83 86 84 87 86 83 87 88 86 89 88 87 89 90 88 91 90 89 91 92 90 93 92 91 93 94 92 95 94 93 95 96 94 97 98 99 97 100 98 101 100 97 101 102 100 103 102 101 103 104 102 105 104 103 105 106 104 107 106 105 107 108 106 109 108 107 109 110 108 111 112 113 111 114 112 115 114 111 115 116 114 117 116 115 117 118 116 119 118 117 119 120 118 121 120 119 121 122 120 123 122 121 123 124 122 125 126 127 128 126 125 127 126 129 130 126 128 129 126 131 131 126 130 132 133 134 132 134 135 136 133 132 135 134 137 136 138 133 135 137 139 140 138 136 139 137 141 140 142 138 139 141 143 143 142 140 143 141 142 144 145 146 144 147 145 146 145 148 149 147 144 146 148 150 149 151 147 150 148 152 153 151 149 150 152 154 153 155 151 154 152 155 154 155 153  
				</Mesh>
				<Materials>: 1
					<Material>: 0
						<AlbedoColor>: 1 1 1 1
						<EmissiveColor>: 0 0 0 1
						<Glossiness>: 0.5
						<Metallic>: 0
						<SpecularHighlight>: 1
						<GlossyReflection>: 1
						<AlbedoMap>: Bullet3_diffuse2
						<MetallicMap>: null
						<NormalMap>: null
						<EmissionMap>: null
						<DetailAlbedoMap>: null
						<DetailNormalMap>: null
				</Materials>
				<Children>: 0
			</Frame>
			<Frame>: 2 0 Bullet1_Bone
				<Transform>: 0 0 0 0 4.325711E-06 270 0.75 0.75 0.75 -2.669254E-08 2.669254E-08 -0.7071068 0.7071068  
				<TransformMatrix>: -8.940697E-08 -0.7500001 0 0 0.7500001 -8.940697E-08 -5.662343E-08 0 5.662343E-08 0 0.75 0 0 0 0 1  
				<Children>: 0
			</Frame>
	</Frame>
</Hierarchy>
