<Hierarchy>:
	<Frame>: 0 1 AC_Pipe_B
		<Transform>: 0 0 0 0 0 0 1 1 1 0 0 0 1  
		<TransformMatrix>: 1 0 0 0 0 1 0 0 0 0 1 0 0 0 0 1  
		<Mesh>: 32 AC_Pipe_B_Ending
			<Bounds>: -0.09803218 0 0.00315696 0.5019678 0.5000018 0.504931
			<Positions>: 32 0.3181716 -0.4200557 0.508088 0.3181711 0.4019852 0.508085 -0.50387 0.4019852 0.508085 -0.5038695 -0.4200557 0.508088 0.4039356 -0.4200591 -0.4197806 0.4039356 0.4019818 -0.4197831 0.4039357 0.4019848 0.4022579 0.4039357 -0.4200561 0.4022604 0.3181716 -0.4200594 -0.5017711 -0.5038695 -0.4200594 -0.5017711 -0.50387 0.4019815 -0.5017741 0.3181711 0.4019815 -0.5017741 -0.6 -0.4999982 0.5000018 0.4 -0.4999982 0.5000018 0.4 0.5000018 0.4999982 -0.6 0.5000018 0.4999982 0.4 -0.4999982 0.5000018 -0.6 -0.4999982 0.5000018 -0.6 -0.5000018 -0.4999982 0.4 -0.5000018 -0.4999982 0.4 -0.4999982 0.5000018 0.4 -0.5000018 -0.4999982 0.4 0.4999982 -0.5000018 0.4 0.5000018 0.4999982 0.4 0.5000018 0.4999982 0.4 0.4999982 -0.5000018 -0.6 0.4999982 -0.5000018 -0.6 0.5000018 0.4999982 -0.6 -0.5000018 -0.4999982 -0.6 0.4999982 -0.5000018 0.4 0.4999982 -0.5000018 0.4 -0.5000018 -0.4999982  
			<Colors>: 0  
			<TextureCoords0>: 32 0.0002864189 0.9648716 0.0002864674 0.8763528 0.09032445 0.8763528 0.09032445 0.9648716 0.0002864189 0.9648716 0.0002864674 0.8763528 0.09032445 0.8763528 0.09032445 0.9648716 0.0002864189 0.9648716 0.09032445 0.9648716 0.09032445 0.8763528 0.0002864674 0.8763528 0.7714642 0.2130219 0.9954566 0.2130219 0.9954566 0.4370142 0.7714641 0.4370142 0.5406359 0.2130218 0.5406359 0.4370142 0.7646283 0.4370142 0.7646283 0.2130219 0.7714642 0.2130219 0.9954566 0.2130219 0.9954566 0.4370142 0.7714641 0.4370142 0.5406359 0.2130218 0.7646283 0.2130219 0.7646283 0.4370142 0.5406359 0.4370142 0.7714642 0.2130219 0.7714641 0.4370142 0.9954566 0.4370142 0.9954566 0.2130219  
			<TextureCoords1>: 32 0.6031745 0.1231673 0.3451423 0.1231675 0.3451423 0.3812001 0.6031745 0.3811999 0.6031749 0.6548579 0.6031755 0.3968258 0.3451429 0.3968251 0.3451423 0.6548572 0.6188007 0.3968254 0.6188005 0.6548575 0.8768331 0.6548579 0.8768333 0.3968257 0.3295173 0.6548579 0.3295173 0.3409656 0.015625 0.3409656 0.015625 0.6548579 0.015625 0.6704829 0.01562501 0.984375 0.3295176 0.984375 0.3295176 0.6704829 0.3451426 0.984375 0.659035 0.984375 0.659035 0.6704826 0.3451429 0.6704824 0.3295171 0.01144797 0.01562501 0.01144797 0.015625 0.3253406 0.3295171 0.3253406 0.67466 0.9843748 0.9885521 0.984375 0.9885523 0.6704824 0.6746603 0.6704822  
			<Normals>: 32 0 0 1 0 0 1 0 0 1 0 0 1 1 0 0 1 0 0 1 0 0 1 0 0 0 0 -1 0 0 -1 0 0 -1 0 0 -1 0 0 1 0 0 1 0 0 1 0 0 1 0 -1 0 0 -1 0 0 -1 0 0 -1 0 1 0 0 1 0 0 1 0 0 1 0 0 0 1 0 0 1 0 0 1 0 0 1 0 0 0 -1 0 0 -1 0 0 -1 0 0 -1  
			<Tangents>: 32 -1 0 0 -1 0 0 -1 0 0 -1 0 0 0 3.625406E-06 1 0 3.625406E-06 1 0 3.625406E-06 1 0 3.625406E-06 1 -1 0 0 -1 0 0 -1 0 0 -1 0 0 1 0 0 1 0 0 1 0 0 1 0 0 2.661013E-07 0 -1 0 0 -1 2.661012E-07 0 -1 5.322026E-07 0 -1 0 -3.576279E-06 -1 0 -3.576279E-06 -1 0 -3.576279E-06 -1 0 -3.576279E-06 -1 2.661013E-07 0 -1 5.322026E-07 0 -1 2.661013E-07 0 -1 0 0 -1 1 0 0 1 0 0 1 0 0 1 0 0  
			<BiTangents>: 32 0 1 0 0 1 0 0 1 0 0 1 0 0 1 -3.625406E-06 0 1 -3.625406E-06 0 1 -3.625406E-06 0 1 -3.625406E-06 0 1 0 0 1 0 0 1 0 0 1 0 0 -1 0 0 -1 0 0 -1 0 0 -1 0 1 0 2.661013E-07 1 0 0 1 0 2.661012E-07 1 0 5.322026E-07 0 -1 3.576279E-06 0 -1 3.576279E-06 0 -1 3.576279E-06 0 -1 3.576279E-06 1 0 2.661013E-07 1 0 5.322026E-07 1 0 2.661013E-07 1 0 0 0 -1 0 0 -1 0 0 -1 0 0 -1 0  
			<SubMeshes>: 2
				<SubMesh>: 0 18 0 1 2 0 2 3 4 5 6 4 6 7 8 9 10 8 10 11  
				<SubMesh>: 1 30 12 13 14 12 14 15 16 17 18 16 18 19 20 21 22 20 22 23 24 25 26 24 26 27 28 29 30 28 30 31  
		</Mesh>
		<Materials>: 2
			<Material>: 0
				<AlbedoColor>: 1 1 1 1
				<EmissiveColor>: 0 0 0 1
				<Glossiness>: 0.5
				<Metallic>: 0
				<SpecularHighlight>: 1
				<GlossyReflection>: 1
				<AlbedoMap>: Nacelle_Albedo
				<MetallicMap>: null
				<NormalMap>: null
				<EmissionMap>: null
				<DetailAlbedoMap>: null
				<DetailNormalMap>: null
			<Material>: 1
				<AlbedoColor>: 1 1 1 1
				<EmissiveColor>: 0 0 0 1
				<Glossiness>: 0.5
				<Metallic>: 0
				<SpecularHighlight>: 1
				<GlossyReflection>: 1
				<AlbedoMap>: @Nacelle_Albedo
				<MetallicMap>: null
				<NormalMap>: null
				<EmissionMap>: null
				<DetailAlbedoMap>: null
				<DetailNormalMap>: null
		</Materials>
		<Children>: 0
	</Frame>
</Hierarchy>
